2017  10  14  58040   0.207152   0.281526   0.3033061   0.0009286   0.000206   0.000095   0.000059   0.000046  0.0000171  0.0000133    0.000047    0.000038
2017  10  15  58041   0.205699   0.279734   0.3023366   0.0010431   0.000198   0.000094   0.000059   0.000046  0.0000161  0.0000134    0.000047    0.000037
2017  10  16  58042   0.204789   0.278139   0.3012098   0.0012003   0.000192   0.000093   0.000059   0.000046  0.0000185  0.0000134    0.000048    0.000038
2017  10  17  58043   0.203852   0.276870   0.2999400   0.0013201   0.000186   0.000093   0.000060   0.000047  0.0000225  0.0000135    0.000048    0.000038
2017  10  18  58044   0.202570   0.275423   0.2985802   0.0013856   0.000195   0.000105   0.000060   0.000047  0.0000256  0.0000136    0.000048    0.000038
2017  10  19  58045   0.201228   0.273719   0.2971914   0.0013915   0.000209   0.000122   0.000059   0.000046  0.0000263  0.0000132    0.000050    0.000040
2017  10  20  58046   0.199944   0.272093   0.2958171   0.0013185   0.000222   0.000138   0.000059   0.000046  0.0000189  0.0000132    0.000051    0.000041
2017  10  21  58047   0.198720   0.270643   0.2945597   0.0011990   0.000236   0.000118   0.000059   0.000046  0.0000227  0.0000132    0.000047    0.000039
2017  10  22  58048   0.197301   0.269564   0.2933902   0.0011196   0.000250   0.000085   0.000059   0.000046  0.0000227  0.0000133    0.000047    0.000039
2017  10  23  58049   0.196020   0.268412   0.2923027   0.0010418   0.000264   0.000052   0.000058   0.000045  0.0000216  0.0000130    0.000048    0.000040
2017  10  24  58050   0.194584   0.266918   0.2913105   0.0009175   0.000278   0.000019   0.000058   0.000045  0.0000218  0.0000130    0.000048    0.000040
2017  10  25  58051   0.192750   0.265653   0.2904360   0.0008474   0.000294   0.000049   0.000058   0.000046  0.0000211  0.0000130    0.000048    0.000039
2017  10  26  58052   0.190522   0.264053   0.2896147   0.0008123   0.000311   0.000095   0.000058   0.000046  0.0000202  0.0000131    0.000050    0.000041
2017  10  27  58053   0.188640   0.262493   0.2887939   0.0008334   0.000327   0.000141   0.000059   0.000046  0.0000192  0.0000131    0.000051    0.000041
2017  10  28  58054   0.186601   0.261204   0.2879459   0.0008936   0.000328   0.000145   0.000059   0.000046  0.0000168  0.0000131    0.000052    0.000043
2017  10  29  58055   0.184638   0.259903   0.2869850   0.0010265   0.000324   0.000134   0.000058   0.000045  0.0000241  0.0000128    0.000051    0.000043
2017  10  30  58056   0.183111   0.258826   0.2859308   0.0011120   0.000319   0.000122   0.000058   0.000045  0.0000264  0.0000128    0.000049    0.000042
2017  10  31  58057   0.181829   0.257809   0.2847593   0.0012724   0.000314   0.000111   0.000058   0.000045  0.0000236  0.0000129    0.000049    0.000043
2017  11   1  58058   0.180296   0.256856   0.2834260   0.0013777   0.000305   0.000085   0.000059   0.000045  0.0000259  0.0000129    0.000050    0.000043
2017  11   2  58059   0.179139   0.255937   0.2819666   0.0014899   0.000295   0.000055   0.000059   0.000045  0.0000285  0.0000129    0.000045    0.000041
2017  11   3  58060   0.178168   0.255529   0.2804309   0.0015674   0.000285   0.000025   0.000059   0.000045  0.0000270  0.0000129    0.000046    0.000042
2017  11   4  58061   0.176819   0.255000   0.2788424   0.0015059   0.000300   0.000038   0.000059   0.000045  0.0000222  0.0000130    0.000047    0.000043
2017  11   5  58062   0.175227   0.254016   0.2773391   0.0014047   0.000325   0.000066   0.000060   0.000046  0.0000194  0.0000130    0.000051    0.000043
2017  11   6  58063   0.173465   0.252887   0.2760567   0.0012567   0.000349   0.000094   0.000060   0.000046  0.0000286  0.0000130    0.000051    0.000043
2017  11   7  58064   0.171798   0.251605   0.2749413   0.0010899   0.000373   0.000122   0.000060   0.000046  0.0000431  0.0000131    0.000050    0.000043
2017  11   8  58065   0.170596   0.250256   0.2738988   0.0010311   0.000359   0.000124   0.000060   0.000046  0.0000322  0.0000131    0.000050    0.000043
2017  11   9  58066   0.169120   0.249358   0.2728644   0.0010728   0.000335   0.000118   0.000060   0.000045  0.0000207  0.0000128    0.000055    0.000047
2017  11  10  58067   0.167646   0.247946   0.2717606   0.0011765   0.000311   0.000112   0.000060   0.000045  0.0000319  0.0000128    0.000055    0.000047
2017  11  11  58068   0.166396   0.246848   0.2705042   0.0013010   0.000289   0.000098   0.000060   0.000045  0.0000250  0.0000128    0.000056    0.000048
2017  11  12  58069   0.164923   0.246174   0.2691669   0.0013675   0.000268   0.000080   0.000060   0.000045  0.0000191  0.0000129    0.000049    0.000045
2017  11  13  58070   0.163368   0.245937   0.2677576   0.0014516   0.000248   0.000062   0.000060   0.000045  0.0000199  0.0000129    0.000049    0.000045
2017  11  14  58071   0.161570   0.245403   0.2663008   0.0015009   0.000227   0.000044   0.000060   0.000046  0.0000221  0.0000130    0.000048    0.000045
2017  11  15  58072   0.160062   0.244625   0.2648310   0.0014389   0.000248   0.000016   0.000061   0.000046  0.0000216  0.0000130    0.000047    0.000045
2017  11  16  58073   0.158441   0.244147   0.2634238   0.0013377   0.000281  -0.000015   0.000061   0.000046  0.0000204  0.0000131    0.000047    0.000045
2017  11  17  58074   0.156031   0.243545   0.2621434   0.0012121   0.000313  -0.000047   0.000061   0.000046  0.0000192  0.0000131    0.000047    0.000045
2017  11  18  58075   0.153245   0.242360   0.2610143   0.0010708   0.000304  -0.000041   0.000061   0.000046  0.0000398  0.0000132    0.000055    0.000048
2017  11  19  58076   0.150733   0.241508   0.2599935   0.0009289   0.000280  -0.000022   0.000061   0.000046  0.0000686  0.0000133    0.000051    0.000050
2017  11  20  58077   0.148216   0.240689   0.2591342   0.0007991   0.000256  -0.000004   0.000061   0.000046  0.0000628  0.0000131    0.000051    0.000050
2017  11  21  58078   0.145643   0.239916   0.2584099   0.0006741   0.000232   0.000015   0.000061   0.000046  0.0000396  0.0000132    0.000048    0.000051
2017  11  22  58079   0.143796   0.239140   0.2577664   0.0005958   0.000261   0.000004   0.000062   0.000046  0.0000228  0.0000132    0.000048    0.000051
2017  11  23  58080   0.141993   0.238659   0.2571255   0.0006479   0.000276  -0.000006   0.000062   0.000047  0.0000169  0.0000133    0.000048    0.000050
2017  11  24  58081   0.139593   0.238267   0.2564500   0.0007206   0.000280  -0.000013   0.000063   0.000047  0.0000146  0.0000134    0.000047    0.000050
2017  11  25  58082   0.136821   0.237907   0.2557083   0.0008135   0.000280  -0.000019   0.000063   0.000047  0.0000127  0.0000136    0.000051    0.000044
2017  11  26  58083   0.135302   0.237390   0.2548803   0.0008983   0.000284  -0.000026   0.000063   0.000047  0.0000126  0.0000134    0.000046    0.000044
2017  11  27  58084   0.133543   0.237050   0.2539082   0.0010037   0.000287  -0.000032   0.000063   0.000047  0.0000126  0.0000135    0.000045    0.000043
2017  11  28  58085   0.131125   0.236745   0.2527766   0.0011990   0.000286  -0.000061   0.000048   0.000035  0.0000073  0.0000112    0.000042    0.000034
2017  11  29  58086   0.128797   0.236939   0.2514787   0.0013712   0.000374  -0.000093   0.000048   0.000035  0.0000072  0.0000113    0.000041    0.000034
2017  11  30  58087   0.126354   0.237180   0.2500223   0.0014800   0.000372  -0.000094   0.000048   0.000035  0.0000072  0.0000113    0.000041    0.000034
2017  12   1  58088   0.124093   0.236688   0.2485146   0.0015526   0.000337  -0.000066   0.000048   0.000035  0.0000073  0.0000113    0.000041    0.000035
2017  12   2  58089   0.121669   0.236396   0.2469845   0.0014888   0.000307  -0.000074   0.000049   0.000035  0.0000074  0.0000113    0.000042    0.000035
2017  12   3  58090   0.119232   0.235541   0.2455790   0.0013598   0.000271  -0.000103   0.000049   0.000036  0.0000075  0.0000113    0.000042    0.000036
2017  12   4  58091   0.116892   0.234876   0.2442675   0.0012433   0.000233  -0.000115   0.000049   0.000036  0.0000076  0.0000113    0.000042    0.000037
2017  12   5  58092   0.114703   0.233893   0.2430519   0.0011899   0.000254  -0.000106   0.000049   0.000036  0.0000078  0.0000113    0.000042    0.000037
2017  12   6  58093   0.112573   0.233274   0.2418883   0.0012004   0.000274  -0.000097   0.000049   0.000036  0.0000079  0.0000113    0.000043    0.000038
2017  12   7  58094   0.109471   0.233507   0.2406610   0.0012285   0.000295  -0.000088   0.000050   0.000036  0.0000081  0.0000113    0.000043    0.000039
2017  12   8  58095   0.106820   0.233390   0.2393921   0.0013084   0.000304  -0.000089   0.000050   0.000036  0.0000082  0.0000113    0.000043    0.000040
2017  12   9  58096   0.104779   0.233975   0.2380590   0.0014075   0.000302  -0.000101   0.000050   0.000036  0.0000084  0.0000113    0.000043    0.000041
2017  12  10  58097   0.102552   0.234646   0.2366194   0.0014623   0.000313  -0.000101   0.000051   0.000036  0.0000085  0.0000113    0.000044    0.000041
2017  12  11  58098   0.100164   0.235436   0.2351531   0.0014388   0.000335  -0.000089   0.000051   0.000036  0.0000087  0.0000113    0.000044    0.000042
2017  12  12  58099   0.097687   0.236146   0.2337292   0.0013979   0.000346  -0.000078   0.000051   0.000037  0.0000089  0.0000113    0.000044    0.000043
2017  12  13  58100   0.095346   0.236563   0.2323789   0.0012996   0.000346  -0.000066   0.000051   0.000037  0.0000092  0.0000113    0.000045    0.000045
2017  12  14  58101   0.092869   0.237048   0.2311805   0.0011260   0.000346  -0.000055   0.000052   0.000037  0.0000095  0.0000113    0.000045    0.000047
2017  12  15  58102   0.090256   0.237578   0.2301449   0.0009664   0.000212  -0.000057   0.000052   0.000037  0.0000098  0.0000113    0.000046    0.000050
2017  12  16  58103   0.087663   0.238079   0.2292828   0.0008096   0.000210  -0.000061   0.000052   0.000037  0.0000101  0.0000113    0.000046    0.000052
2017  12  17  58104   0.084775   0.238599   0.2285224   0.0006581   0.000208  -0.000064   0.000053   0.000037  0.0000104  0.0000113    0.000047    0.000054
2017  12  18  58105   0.081905   0.239044   0.2279421   0.0005536   0.000243  -0.000055   0.000053   0.000037  0.0000107  0.0000113    0.000047    0.000056
2017  12  19  58106   0.078820   0.239525   0.2274388   0.0005109   0.000210  -0.000069   0.000053   0.000037  0.0000110  0.0000113    0.000048    0.000058
2017  12  20  58107   0.075952   0.239470   0.2269498   0.0005232   0.000194  -0.000068   0.000053   0.000037  0.0000113  0.0000113    0.000048    0.000060
2017  12  21  58108   0.073645   0.238795   0.2263773   0.0005487   0.000182  -0.000062   0.000054   0.000037  0.0000115  0.0000113    0.000048    0.000062
2017  12  22  58109   0.071910   0.238294   0.2258219   0.0005620   0.000170  -0.000057   0.000054   0.000037  0.0000118  0.0000114    0.000049    0.000063
2017  12  23  58110   0.070537   0.238466   0.2252380   0.0006447   0.000158  -0.000051   0.000054   0.000038  0.0000121  0.0000114    0.000049    0.000065
2017  12  24  58111   0.069324   0.239063   0.2245258   0.0007923   0.000146  -0.000046   0.000054   0.000038  0.0000124  0.0000114    0.000050    0.000067
2017  12  25  58112   0.068299   0.239814   0.2236718   0.0009227   0.000134  -0.000040   0.000055   0.000038  0.0000126  0.0000114    0.000050    0.000070
2017  12  26  58113   0.067657   0.240686   0.2226951   0.0010303   0.000123  -0.000035   0.000055   0.000038  0.0000128  0.0000114    0.000051    0.000073
2017  12  27  58114   0.067318   0.241626   0.2216122   0.0011376   0.000111  -0.000029   0.000055   0.000038  0.0000130  0.0000114    0.000051    0.000076
2017  12  28  58115   0.066650   0.243120   0.2204482   0.0011573   0.000120   0.000161   0.000055   0.000038  0.0000132  0.0000114    0.000051    0.000079
2017  12  29  58116   0.064878   0.244392   0.2192942   0.0011094   0.000092   0.000031   0.000055   0.000038  0.0000133  0.0000115    0.000052    0.000080
2017  12  30  58117   0.063071   0.245448   0.2182464   0.0010466   0.000086  -0.000018   0.000056   0.000038  0.0000134  0.0000115    0.000052    0.000081
2017  12  31  58118   0.061214   0.246580   0.2172353   0.0009457   0.000090  -0.000022   0.000056   0.000038  0.0000135  0.0000115    0.000052    0.000080
2018   1   1  58119   0.059224   0.247646   0.2163654   0.0008241   0.000207  -0.000160   0.000056   0.000038  0.0000135  0.0000115    0.000024    0.000034
2018   1   2  58120   0.057406   0.248566   0.2156078   0.0007355   0.000208  -0.000188   0.000056   0.000038  0.0000136  0.0000115    0.000025    0.000036
2018   1   3  58121   0.055667   0.249547   0.2148691   0.0007464   0.000209  -0.000215   0.000056   0.000038  0.0000136  0.0000115    0.000025    0.000037