2458040.916667  1.648062
2458041.916667  1.642847
2458042.916667  1.637085
2458043.916667  1.630787
2458044.916667  1.623970
2458045.916667  1.616648
2458046.916667  1.608837
2458047.916667  1.600552
2458048.916667  1.591808
2458049.916667  1.582619
2458050.916667  1.572996
2458051.916667  1.562950
2458052.916667  1.552490
2458053.916667  1.541623
2458054.916667  1.530357
2458055.916667  1.518696
2458056.916667  1.506641
2458057.916667  1.494194
2458058.916667  1.481352
2458059.916667  1.468108
2458060.916667  1.454454
2458061.916667  1.440377
2458062.916667  1.425861
2458063.916667  1.410893
2458064.916667  1.395457
2458065.916667  1.379544
2458066.916667  1.363146
2458067.916667  1.346261
2458068.916667  1.328893
2458069.916667  1.311047
2458070.916667  1.292735
2458071.916667  1.273970
2458072.916667  1.254766
2458073.916667  1.235141
2458074.916667  1.215113
2458075.916667  1.194700
2458076.916667  1.173921
2458077.916667  1.152794
2458078.916667  1.131337
2458079.916667  1.109566
2458080.916667  1.087498
2458081.916667  1.065147
2458082.916667  1.042528
2458083.916667  1.019651
2458084.916667  0.996529
2458085.916667  0.973169
2458086.916667  0.949577
2458087.916667  0.925757
2458088.916667  0.901707
2458089.916667  0.877421
2458090.916667  0.852891
2458091.916667  0.828104
2458092.916667  0.803048
2458093.916667  0.777710
2458094.916667  0.752083
2458095.916667  0.726161
2458096.916667  0.699945
2458097.916667  0.673441
2458098.916667  0.646658
2458099.916667  0.619608
2458100.916667  0.592305
2458101.916667  0.564767
2458102.916667  0.537010
2458103.916667  0.509055
2458104.916667  0.480920
2458105.916667  0.452628
2458106.916667  0.424197
2458107.916667  0.395648
2458108.916667  0.367002
2458109.916667  0.338278
2458110.916667  0.309495
2458111.916667  0.280670
2458112.916667  0.251820
2458113.916667  0.222960
2458114.916667  0.194102
2458115.916667  0.165255
2458116.916667  0.136426
2458117.916667  0.107617
2458118.916667  0.078824
2458119.916667  0.050042
2458120.916667  0.021259
2458121.916667 -0.007536
2458122.916667 -0.036355
2458123.916667 -0.065205
2458124.916667 -0.094090
2458125.916667 -0.123011
2458126.916667 -0.151961
2458127.916667 -0.180933
2458128.916667 -0.209915
2458129.916667 -0.238895
2458130.916667 -0.267855
2458131.916667 -0.296781
2458132.916667 -0.325654
2458133.916667 -0.354455
2458134.916667 -0.383164
2458135.916667 -0.411762
2458136.916667 -0.440227
2458137.916667 -0.468538
2458138.916667 -0.496676
2458139.916667 -0.524619