2017 10 14.43936  04 49 12.95  -02 29 47.4  249.26736 0.845315  0.533213 0.207152   0.281526   0.3033061 703
2017 10 17.37391  02 36 45.71   01 06 17.7  249.26736 0.845315  0.533213 0.203852   0.276870   0.2999400 703
2017 10 18.472979 01 59 57.460  02 06 04.02 203.74409 0.936241  0.351543 0.203852   0.276870   0.2999400 F51
2017 10 18.47298  01 59 57.442  02 06 04.30 203.74409 0.936241  0.351543 0.203852   0.276870   0.2999400 F51
2017 10 18.499898 01 59 08.928  02 07 20.53 203.74409 0.936241  0.351543 0.203852   0.276870   0.2999400 F51
2017 10 18.49990  01 59 08.910  02 07 20.19 203.74409 0.936241  0.351543 0.203852   0.276870   0.2999400 F51
2017 10 19.39715  01 34 55.362  02 45 03.20 203.74409 0.936241  0.351543 0.201228   0.273719   0.2971914 F51
2017 10 19.397150 01 34 55.364  02 45 03.09 203.74409 0.936241  0.351543 0.201228   0.273719   0.2971914 F51
2017 10 19.40837  01 34 38.745  02 45 28.24 203.74409 0.936241  0.351543 0.201228   0.273719   0.2971914 F51
2017 10 19.408370 01 34 38.761  02 45 28.19 203.74409 0.936241  0.351543 0.201228   0.273719   0.2971914 F51
2017 10 19.41968  01 34 21.948  02 45 53.55 203.74409 0.936241  0.351543 0.201228   0.273719   0.2971914 F51
2017 10 19.419685 01 34 21.996  02 45 53.47 203.74409 0.936241  0.351543 0.201228   0.273719   0.2971914 F51
2017 10 19.431056 01 34 05.210  02 46 18.48 203.74409 0.936241  0.351543 0.201228   0.273719   0.2971914 F51
2017 10 19.43106  01 34 05.174  02 46 18.89 203.74409 0.936241  0.351543 0.201228   0.273719   0.2971914 F51
2017 10 19.86072  01 24 07.89   03 01 07.5   10.80375 0.719842  0.692040 0.201228   0.273719   0.2971914 104
2017 10 19.86325  01 24 04.27   03 01 10.6   14.28476 0.659216  0.749664 0.201228   0.273719   0.2971914 246
2017 10 19.86350  01 24 04.05   03 01 11.1   14.28476 0.659216  0.749664 0.201228   0.273719   0.2971914 246
2017 10 19.86425  01 24 03.06   03 01 13.3   14.28476 0.659216  0.749664 0.201228   0.273719   0.2971914 246
2017 10 19.86492  01 24 02.21   03 01 16.3   10.80375 0.719842  0.692040 0.201228   0.273719   0.2971914 104
2017 10 19.86905  01 23 56.69   03 01 24.7   10.80375 0.719842  0.692040 0.201228   0.273719   0.2971914 104
2017 10 19.940934 01 22 22.290  03 03 53.82 343.48817 0.881463  0.471461 0.201228   0.273719   0.2971914 J04
2017 10 19.940934 01 22 22.288  03 03 53.76 343.48817 0.881463  0.471461 0.201228   0.273719   0.2971914 J04
2017 10 19.943901 01 22 18.370  03 03 59.58 343.48817 0.881463  0.471461 0.201228   0.273719   0.2971914 J04
2017 10 19.943901 01 22 18.372  03 03 59.57 343.48817 0.881463  0.471461 0.201228   0.273719   0.2971914 J04
2017 10 20.17250  01 17 27.47   03 11 07.8  249.21108 0.845113  0.533611 0.199944   0.272093   0.2958171 I52
2017 10 20.17348  01 17 26.22   03 11 09.6  249.21108 0.845113  0.533611 0.199944   0.272093   0.2958171 I52
2017 10 20.17448  01 17 24.96   03 11 11.3  249.21108 0.845113  0.533611 0.199944   0.272093   0.2958171 I52
2017 10 20.17546  01 17 23.73   03 11 13.0  249.21108 0.845113  0.533611 0.199944   0.272093   0.2958171 I52
2017 10 21.22371  00 57 56.30   03 39 16.9  248.40024 0.849471  0.526470 0.198720   0.270643   0.2945597 291
2017 10 21.22623  00 57 53.76   03 39 20.5  248.40024 0.849471  0.526470 0.198720   0.270643   0.2945597 291
2017 10 21.22877  00 57 51.19   03 39 24.2  248.40024 0.849471  0.526470 0.198720   0.270643   0.2945597 291
2017 10 21.37476  00 55 26.71   03 42 45.0  249.1209  0.85394   0.51902  0.198720   0.270643   0.2945597 926
2017 10 21.37804  00 55 23.53   03 42 49.8  249.1209  0.85394   0.51902  0.198720   0.270643   0.2945597 926
2017 10 21.38132  00 55 20.35   03 42 53.7  249.1209  0.85394   0.51902  0.198720   0.270643   0.2945597 926
2017 10 22.29708  00 41 56.27   04 01 25.0  254.47130 0.840712  0.540310 0.197301   0.269564   0.2933902 H06
2017 10 22.30118  00 41 52.93   04 01 29.3  254.47130 0.840712  0.540310 0.197301   0.269564   0.2933902 H06
2017 10 22.30512  00 41 49.76   04 01 33.5  254.47130 0.840712  0.540310 0.197301   0.269564   0.2933902 H06
2017 10 22.371415 00 40 57.815  04 02 50.75 204.5278  0.94171   0.33725  0.197301   0.269564   0.2933902 568
2017 10 22.372590 00 40 56.875  04 02 52.02 204.5278  0.94171   0.33725  0.197301   0.269564   0.2933902 568
2017 10 22.373983 00 40 55.762  04 02 53.49 204.5278  0.94171   0.33725  0.197301   0.269564   0.2933902 568
2017 10 22.46548  00 39 44.84   04 04 55.4  149.06442 0.855629 -0.516206 0.197301   0.269564   0.2933902 Q62
2017 10 22.47027  00 39 41.16   04 04 59.9  149.06442 0.855629 -0.516206 0.197301   0.269564   0.2933902 Q62
2017 10 22.47506  00 39 37.39   04 05 04.8  149.06442 0.855629 -0.516206 0.197301   0.269564   0.2933902 Q62
2017 10 23.18830  00 31 01.55   04 16 02.6  263.9986  0.77943   0.62449  0.196020   0.268412   0.2923027 734
2017 10 23.19547  00 30 56.65   04 16 08.7  263.9986  0.77943   0.62449  0.196020   0.268412   0.2923027 734
2017 10 23.20264  00 30 51.76   04 16 14.6  263.9986  0.77943   0.62449  0.196020   0.268412   0.2923027 734
2017 10 23.384311 00 28 51.402  04 19 02.21 204.5278  0.94171   0.33725  0.196020   0.268412   0.2923027 568
2017 10 23.385548 00 28 50.593  04 19 03.41 204.5278  0.94171   0.33725  0.196020   0.268412   0.2923027 568
2017 10 23.386852 00 28 49.730  04 19 04.54 204.5278  0.94171   0.33725  0.196020   0.268412   0.2923027 568
2017 10 24.23395  00 20 19.64   04 30 08.4  249.21128 0.845111  0.533614 0.194584   0.266918   0.2913105 G96
2017 10 24.23917  00 20 16.75   04 30 12.3  249.21128 0.845111  0.533614 0.194584   0.266918   0.2913105 G96
2017 10 24.24438  00 20 13.82   04 30 15.6  249.21128 0.845111  0.533614 0.194584   0.266918   0.2913105 G96
2017 10 24.24957  00 20 10.85   04 30 19.7  249.21128 0.845111  0.533614 0.194584   0.266918   0.2913105 G96
2017 10 25.044458 00 13 18.796  04 39 35.19 289.59569 0.909943 -0.414336 0.192750   0.265653   0.2904360 309
2017 10 25.050182 00 13 15.981  04 39 38.79 289.59569 0.909943 -0.414336 0.192750   0.265653   0.2904360 309
2017 10 25.061553 00 13 10.389  04 39 45.94 289.59569 0.909943 -0.414336 0.192750   0.265653   0.2904360 309
2017 10 25.112088 00 12 45.650  04 40 17.26 289.59569 0.909943 -0.414336 0.192750   0.265653   0.2904360 309
2017 10 25.117597 00 12 42.966  04 40 20.70 289.59569 0.909943 -0.414336 0.192750   0.265653   0.2904360 309
2017 10 25.19587  00 12 06.02   04 40 47.9  249.1209  0.85394   0.51902  0.192750   0.265653   0.2904360 926
2017 10 25.20769  00 12 00.38   04 40 55.9  249.1209  0.85394   0.51902  0.192750   0.265653   0.2904360 926
2017 10 25.21951  00 11 54.70   04 41 02.0  249.1209  0.85394   0.51902  0.192750   0.265653   0.2904360 926
2017 10 25.232070 00 11 48.73   04 41 09.4  248.3314  0.79889   0.59979  0.192750   0.265653   0.2904360 V03
2017 10 25.24174  00 11 44.09   04 41 15.9  249.21128 0.845111  0.533614 0.192750   0.265653   0.2904360 G96
2017 10 25.24440  00 11 42.76   04 41 17.8  249.21128 0.845111  0.533614 0.192750   0.265653   0.2904360 G96
2017 10 25.244675 00 11 42.66   04 41 15.7  248.3314  0.79889   0.59979  0.192750   0.265653   0.2904360 V03
2017 10 25.24719  00 11 41.39   04 41 20.5  249.21128 0.845111  0.533614 0.192750   0.265653   0.2904360 G96
2017 10 25.25007  00 11 39.91   04 41 23.5  249.21128 0.845111  0.533614 0.192750   0.265653   0.2904360 G96
2017 10 25.87692  00 07 01.68   04 47 16.1   10.80375 0.719842  0.692040 0.192750   0.265653   0.2904360 104
2017 10 25.89734  00 06 52.92   04 47 27.1   10.80375 0.719842  0.692040 0.192750   0.265653   0.2904360 104
2017 10 25.90408  00 06 50.03   04 47 31.0   10.80375 0.719842  0.692040 0.192750   0.265653   0.2904360 104
2017 10 25.978960 00 06 18.713  04 48 15.63 342.1176  0.87764   0.47847  0.192750   0.265653   0.2904360 950
2017 10 25.980666 00 06 18.031  04 48 16.51 342.1176  0.87764   0.47847  0.192750   0.265653   0.2904360 950
2017 10 25.982372 00 06 17.299  04 48 17.46 342.1176  0.87764   0.47847  0.192750   0.265653   0.2904360 950
2017 10 26.012315 00 06 04.665  04 48 33.47 342.1176  0.87764   0.47847  0.190522   0.264053   0.2896147 950
2017 10 26.014021 00 06 03.946  04 48 34.32 342.1176  0.87764   0.47847  0.190522   0.264053   0.2896147 950
2017 10 26.015726 00 06 03.239  04 48 35.17 342.1176  0.87764   0.47847  0.190522   0.264053   0.2896147 950
2017 10 26.035075 00 05 55.146  04 48 45.55 342.1176  0.87764   0.47847  0.190522   0.264053   0.2896147 950
2017 10 26.036781 00 05 54.412  04 48 46.26 342.1176  0.87764   0.47847  0.190522   0.264053   0.2896147 950
2017 10 26.091169 00 05 33.59   04 49 13.3  243.13746 0.836357  0.546831 0.190522   0.264053   0.2896147 675
2017 10 26.092836 00 05 32.90   04 49 14.2  243.13746 0.836357  0.546831 0.190522   0.264053   0.2896147 675
2017 10 26.096690 00 05 31.32   04 49 16.1  243.13746 0.836357  0.546831 0.190522   0.264053   0.2896147 675
2017 10 26.098345 00 05 30.64   04 49 16.9  243.13746 0.836357  0.546831 0.190522   0.264053   0.2896147 675
2017 10 26.133749 00 05 15.166  04 49 55.54 289.59569 0.909943 -0.414336 0.190522   0.264053   0.2896147 309
2017 10 26.138575 00 05 13.175  04 49 58.07 289.59569 0.909943 -0.414336 0.190522   0.264053   0.2896147 309
2017 10 26.143286 00 05 11.230  04 50 00.52 289.59569 0.909943 -0.414336 0.190522   0.264053   0.2896147 309
2017 10 26.185052 00 04 54.100  04 50 21.91 289.59569 0.909943 -0.414336 0.190522   0.264053   0.2896147 309
2017 10 26.24599  00 04 30.08   04 50 34.8  249.26745 0.845317  0.533211 0.190522   0.264053   0.2896147 V06
2017 10 26.24854  00 04 29.03   04 50 35.2  249.26745 0.845317  0.533211 0.190522   0.264053   0.2896147 V06
2017 10 26.25110  00 04 28.12   04 50 36.9  249.26745 0.845317  0.533211 0.190522   0.264053   0.2896147 V06
2017 10 26.25365  00 04 27.01   04 50 38.0  249.26745 0.845317  0.533211 0.190522   0.264053   0.2896147 V06
2017 10 26.28697  00 04 13.60   04 50 55.6  248.40024 0.849471  0.526470 0.190522   0.264053   0.2896147 291
2017 10 26.29059  00 04 12.14   04 50 57.2  248.40024 0.849471  0.526470 0.190522   0.264053   0.2896147 291
2017 10 26.29419  00 04 10.69   04 50 59.0  248.40024 0.849471  0.526470 0.190522   0.264053   0.2896147 291
2017 10 26.29574  00 04 10.00   04 50 59.1  249.1209  0.85394   0.51902  0.190522   0.264053   0.2896147 926
2017 10 26.29945  00 04 08.54   04 51 01.2  249.1209  0.85394   0.51902  0.190522   0.264053   0.2896147 926
2017 10 26.30038  00 04 08.20   04 51 02.2  249.1209  0.85394   0.51902  0.190522   0.264053   0.2896147 926
2017 10 26.30912  00 04 04.68   04 51 06.5  249.1209  0.85394   0.51902  0.190522   0.264053   0.2896147 926
2017 10 26.30968  00 04 04.47   04 51 06.6  249.1209  0.85394   0.51902  0.190522   0.264053   0.2896147 926
2017 10 26.31285  00 04 03.23   04 51 08.5  249.1209  0.85394   0.51902  0.190522   0.264053   0.2896147 926
2017 10 26.31656  00 04 01.73   04 51 10.3  249.1209  0.85394   0.51902  0.190522   0.264053   0.2896147 926
2017 10 26.82093  00 00 52.02   04 55 12.8  8.7708    0.69765   0.71430  0.190522   0.264053   0.2896147 204
2017 10 26.83310  00 00 47.49   04 55 18.7  8.7708    0.69765   0.71430  0.190522   0.264053   0.2896147 204
2017 10 26.84527  00 00 42.99   04 55 23.9  8.7708    0.69765   0.71430  0.190522   0.264053   0.2896147 204
2017 10 26.892901 00 00 25.32   04 56 10.6  20.810110 0.845560 -0.532620 0.190522   0.264053   0.2896147 K93
2017 10 26.895781 00 00 24.28   04 56 12.4  20.810110 0.845560 -0.532620 0.190522   0.264053   0.2896147 K93
2017 10 26.896742 00 00 23.93   04 56 13.0  20.810110 0.845560 -0.532620 0.190522   0.264053   0.2896147 K93
2017 10 26.899625 00 00 22.85   04 56 13.8  20.810110 0.845560 -0.532620 0.190522   0.264053   0.2896147 K93
2017 10 27.13044  23 59 02.09   04 57 38.6  274.0802  0.81810   0.57333  0.188640   0.262493   0.2887939 850
2017 10 27.14702  23 58 56.11   04 57 46.7  274.0802  0.81810   0.57333  0.188640   0.262493   0.2887939 850
2017 10 27.16382  23 58 50.16   04 57 52.2  274.0802  0.81810   0.57333  0.188640   0.262493   0.2887939 850
2017 10 27.21629  23 58 31.77   04 58 15.9  274.0802  0.81810   0.57333  0.188640   0.262493   0.2887939 850
2017 10 27.24829  23 58 20.73   04 58 31.7  274.0802  0.81810   0.57333  0.188640   0.262493   0.2887939 850
2017 10 27.269327 23 58 14.606  04 58 44.31 204.5278  0.94171   0.33725  0.188640   0.262493   0.2887939 568
2017 10 27.282873 23 58 09.917  04 58 50.36 204.5278  0.94171   0.33725  0.188640   0.262493   0.2887939 568
2017 10 27.28540  23 58 08.17   04 58 48.5  249.1209  0.85394   0.51902  0.188640   0.262493   0.2887939 926
2017 10 27.28910  23 58 06.94   04 58 50.2  249.1209  0.85394   0.51902  0.188640   0.262493   0.2887939 926
2017 10 27.29280  23 58 05.66   04 58 51.0  249.1209  0.85394   0.51902  0.188640   0.262493   0.2887939 926
2017 10 27.304553 23 58 02.427  04 58 59.94 204.5278  0.94171   0.33725  0.188640   0.262493   0.2887939 568
2017 10 27.330214 23 57 53.596  04 59 11.15 204.5278  0.94171   0.33725  0.188640   0.262493   0.2887939 568
2017 10 27.381822 23 57 35.926  04 59 33.51 204.5278  0.94171   0.33725  0.188640   0.262493   0.2887939 568
2017 10 27.78654  23 55 25.75   05 02 16.0  358.55301 0.624152  0.778715 0.188640   0.262493   0.2887939 J95
2017 10 27.867799 23 54 59.73   05 03 13.8  20.810110 0.845560 -0.532620 0.188640   0.262493   0.2887939 K93
2017 10 27.874129 23 54 57.69   05 03 15.7  20.810110 0.845560 -0.532620 0.188640   0.262493   0.2887939 K93
2017 10 27.875033 23 54 57.40   05 03 16.3  20.810110 0.845560 -0.532620 0.188640   0.262493   0.2887939 K93
2017 10 27.876844 23 54 56.84   05 03 16.9  20.810110 0.845560 -0.532620 0.188640   0.262493   0.2887939 K93
2017 10 27.88561  23 54 54.08   05 03 20.7  20.810190 0.845561 -0.532618 0.188640   0.262493   0.2887939 K91
2017 10 27.88743  23 54 53.52   05 03 21.6  20.810190 0.845561 -0.532618 0.188640   0.262493   0.2887939 K91
2017 10 27.88926  23 54 52.96   05 03 22.2  20.810190 0.845561 -0.532618 0.188640   0.262493   0.2887939 K91
2017 10 27.90707  23 54 47.70   05 03 05.3  358.55301 0.624152  0.778715 0.188640   0.262493   0.2887939 J95
2017 10 28.04565  23 54 04.84   05 04 00.5  358.55301 0.624152  0.778715 0.186601   0.261204   0.2879459 J95
2017 10 28.190326 23 53 22.13   05 05 02.7  252.81067 0.830474  0.556096 0.186601   0.261204   0.2879459 H01
2017 10 28.201518 23 53 18.75   05 05 06.9  252.81067 0.830474  0.556096 0.186601   0.261204   0.2879459 H01
2017 10 28.208118 23 53 16.78   05 05 09.4  252.81067 0.830474  0.556096 0.186601   0.261204   0.2879459 H01
2017 10 28.219183 23 53 13.44   05 05 13.8  252.81067 0.830474  0.556096 0.186601   0.261204   0.2879459 H01
2017 10 29.288556 23 48 20.79   05 11 44.9  252.81067 0.830474  0.556096 0.184638   0.259903   0.2869850 H01
2017 10 29.297331 23 48 18.53   05 11 47.7  252.81067 0.830474  0.556096 0.184638   0.259903   0.2869850 H01
2017 10 29.30331  23 48 17.04   05 11 50.1  254.17942 0.841945  0.538563 0.184638   0.259903   0.2869850 705
2017 10 29.304991 23 48 16.57   05 11 50.3  252.81067 0.830474  0.556096 0.184638   0.259903   0.2869850 H01
2017 10 29.30993  23 48 15.41   05 11 52.1  254.17942 0.841945  0.538563 0.184638   0.259903   0.2869850 705
2017 10 29.312004 23 48 14.76   05 11 52.7  252.81067 0.830474  0.556096 0.184638   0.259903   0.2869850 H01
2017 10 29.31669  23 48 13.63   05 11 54.8  254.17942 0.841945  0.538563 0.184638   0.259903   0.2869850 705
2017 10 29.32845  23 48 10.61   05 11 58.5  254.17942 0.841945  0.538563 0.184638   0.259903   0.2869850 705
2017 10 29.33510  23 48 08.89   05 12 00.6  254.17942 0.841945  0.538563 0.184638   0.259903   0.2869850 705
2017 10 29.33730  23 48 08.23   05 12 01.8  254.17942 0.841945  0.538563 0.184638   0.259903   0.2869850 705
2017 10 30.169205 23 44 51.41   05 16 34.4  252.81067 0.830474  0.556096 0.183111   0.258826   0.2859308 H01
2017 10 30.174565 23 44 50.18   05 16 36.2  252.81067 0.830474  0.556096 0.183111   0.258826   0.2859308 H01
2017 10 30.18199  23 44 48.43   05 16 38.6  248.57749 0.822887  0.566916 0.183111   0.258826   0.2859308 G37
2017 10 30.187173 23 44 47.31   05 16 40.0  252.81067 0.830474  0.556096 0.183111   0.258826   0.2859308 H01
2017 10 30.29091  23 44 23.74   05 17 12.1  248.57749 0.822887  0.566916 0.183111   0.258826   0.2859308 G37
2017 10 30.29465  23 44 22.97   05 17 13.2  248.57749 0.822887  0.566916 0.183111   0.258826   0.2859308 G37
2017 11 09.104277 23 23 38.25   05 55 00.7  252.81067 0.830474  0.556096 0.169120   0.249358   0.2728644 H01
2017 11 09.124874 23 23 36.81   05 55 04.6  252.81067 0.830474  0.556096 0.169120   0.249358   0.2728644 H01
2017 11 09.147587 23 23 35.23   05 55 09.1  252.81067 0.830474  0.556096 0.169120   0.249358   0.2728644 H01
2017 11 10.161304 23 22 32.10   05 58 21.3  252.81067 0.830474  0.556096 0.167646   0.247946   0.2717606 H01
2017 11 10.169045 23 22 31.61   05 58 22.7  252.81067 0.830474  0.556096 0.167646   0.247946   0.2717606 H01
2017 11 10.175379 23 22 31.23   05 58 23.8  252.81067 0.830474  0.556096 0.167646   0.247946   0.2717606 H01
2017 11 11.097674 23 21 40.57   06 01 16.5  248.57749 0.822887  0.566916 0.166396   0.246848   0.2705042 G37
2017 11 11.104745 23 21 40.19   06 01 17.5  248.57749 0.822887  0.566916 0.166396   0.246848   0.2705042 G37
2017 11 11.163866 23 21 36.94   06 01 28.8  248.57749 0.822887  0.566916 0.166396   0.246848   0.2705042 G37
2017 11 11.168576 23 21 36.68   06 01 29.6  248.57749 0.822887  0.566916 0.166396   0.246848   0.2705042 G37
2017 11 11.170938 23 21 36.55   06 01 30.1  248.57749 0.822887  0.566916 0.166396   0.246848   0.2705042 G37
2017 11 11.173287 23 21 36.44   06 01 30.5  248.57749 0.822887  0.566916 0.166396   0.246848   0.2705042 G37
2017 11 12.161184 23 20 48.50   06 04 33.7  252.81067 0.830474  0.556096 0.164923   0.246174   0.2691669 H01
2017 11 12.174788 23 20 47.85   06 04 36.3  252.81067 0.830474  0.556096 0.164923   0.246174   0.2691669 H01
2017 11 12.198350 23 20 46.71   06 04 40.5  252.81067 0.830474  0.556096 0.164923   0.246174   0.2691669 H01
2017 11 15.306018 23 18 51.738  06 14 13.51 204.5278  0.94171   0.33725  0.160062   0.244625   0.2648310 568
2017 11 15.309275 23 18 51.633  06 14 14.10 204.5278  0.94171   0.33725  0.160062   0.244625   0.2648310 568
2017 11 15.312534 23 18 51.529  06 14 14.66 204.5278  0.94171   0.33725  0.160062   0.244625   0.2648310 568
2017 11 15.315806 23 18 51.418  06 14 15.25 204.5278  0.94171   0.33725  0.160062   0.244625   0.2648310 568
2017 11 16.207482 23 18 27.240  06 16 59.12 204.5278  0.94171   0.33725  0.158441   0.244147   0.2634238 568
2017 11 16.210740 23 18 27.141  06 16 59.74 204.5278  0.94171   0.33725  0.158441   0.244147   0.2634238 568
2017 11 16.213997 23 18 27.045  06 17 00.34 204.5278  0.94171   0.33725  0.158441   0.244147   0.2634238 568
2017 11 16.217253 23 18 26.956  06 17 00.94 204.5278  0.94171   0.33725  0.158441   0.244147   0.2634238 568
2017 11 17.142217 23 18 04.88   06 19 49.8  252.81067 0.830474  0.556096 0.156031   0.243545   0.2621434 H01
2017 11 17.182473 23 18 03.89   06 19 57.3  252.81067 0.830474  0.556096 0.156031   0.243545   0.2621434 H01
2017 11 21.026940 23 17 05.962  06 32 01.74 289.2980  0.87559  -0.48217  0.145643   0.239916   0.2584099 304
2017 11 21.032458 23 17 05.893  06 32 02.84 289.2980  0.87559  -0.48217  0.145643   0.239916   0.2584099 304
2017 11 21.038153 23 17 05.834  06 32 04.03 289.2980  0.87559  -0.48217  0.145643   0.239916   0.2584099 304
2017 11 21.043922 23 17 05.765  06 32 05.08 289.2980  0.87559  -0.48217  0.145643   0.239916   0.2584099 304
2017 11 21.060925 23 17 05.573  06 32 08.23 289.2980  0.87559  -0.48217  0.145643   0.239916   0.2584099 304
2017 11 21.066145 23 17 05.522  06 32 09.11 289.2980  0.87559  -0.48217  0.145643   0.239916   0.2584099 304
2017 11 21.081650 23 17 05.348  06 32 12.17 289.2980  0.87559  -0.48217  0.145643   0.239916   0.2584099 304
2017 11 21.139496 23 17 05.401  06 32 22.61 250
2017 11 21.145757 23 17 05.141  06 32 24.55 250
2017 11 21.152019 23 17 04.822  06 32 25.14 250
2017 11 21.158281 23 17 04.534  06 32 24.58 250
2017 11 21.164542 23 17 04.357  06 32 23.48 250
2017 11 21.205711 23 17 04.826  06 32 35.17 250
2017 11 21.211973 23 17 04.568  06 32 37.09 250
2017 11 21.218234 23 17 04.250  06 32 37.66 250
2017 11 21.224496 23 17 03.964  06 32 37.11 250
2017 11 21.230757 23 17 03.790  06 32 36.01 250
2017 11 22.222847 23 16 57.168  06 35 44.32 204.5278 0.94171  0.33725    0.143796   0.239140   0.2577664 568
2017 11 22.246144 23 16 56.979  06 35 48.63 204.5278 0.94171  0.33725    0.143796   0.239140   0.2577664 568
2017 11 22.269437 23 16 56.790  06 35 53.21 204.5278 0.94171  0.33725    0.143796   0.239140   0.2577664 568
2017 11 22.292688 23 16 56.602  06 35 57.52 204.5278 0.94171  0.33725    0.143796   0.239140   0.2577664 568
2017 11 22.316355 23 16 56.416  06 36 02.00 204.5278 0.94171  0.33725    0.143796   0.239140   0.2577664 568
2017 11 22.530352 23 16 55.828  06 36 47.89 250
2017 11 22.536614 23 16 55.598  06 36 49.49 250
2017 11 22.542875 23 16 55.316  06 36 49.82 250
2017 11 22.549137 23 16 55.067  06 36 49.16 250
2017 11 22.555398 23 16 54.928  06 36 48.17 250
2017 11 23.038940 23 16 53.146  06 38 25.80 289.2980 0.87559 -0.48217    0.141993   0.238659   0.2571255 304
2017 11 23.070610 23 16 52.967  06 38 32.02 289.2980 0.87559 -0.48217    0.141993   0.238659   0.2571255 304
2017 11 23.274337 23 16 52.324  06 39 06.39 204.5278 0.94171  0.33725    0.141993   0.238659   0.2571255 568
2017 11 23.288299 23 16 52.248  06 39 09.09 204.5278 0.94171  0.33725    0.141993   0.238659   0.2571255 568
2017 11 23.373957 23 16 51.831  06 39 25.49 204.5278 0.94171  0.33725    0.141993   0.238659   0.2571255 568
2017 12 12.064682 23 20 53.377  07 45 46.66 250
2017 12 12.070943 23 20 53.411  07 45 47.30 250
2017 12 12.077205 23 20 53.394  07 45 48.32 250
2017 12 12.083467 23 20 53.382  07 45 49.84 250
2017 12 12.089728 23 20 53.428  07 45 51.86 250
2018 01 02.320620 23 31 48.321  09 16 31.37 250
2018 01 02.326882 23 31 48.484  09 16 34.18 250
2018 01 02.333143 23 31 48.597  09 16 36.83 250
2018 01 02.339405 23 31 48.704  09 16 39.00 250
2018 01 02.345666 23 31 48.841  09 16 40.54 250
2018 01 02.453062 23 31 53.051  09 17 08.10 250
2018 01 02.459324 23 31 53.213  09 17 10.92 250
2018 01 02.465585 23 31 53.329  09 17 13.56 250
2018 01 02.471847 23 31 53.435  09 17 15.72 250
2018 01 02.478108 23 31 53.570  09 17 17.2 250