-0.000100067 3.22394e-05
-4.36934e-05 3.12077e-05
-2.78321e-05 2.46893e-05
-2.66546e-05 2.33456e-05
-2.85327e-05 2.30213e-05
-2.74852e-05 2.4697e-05
-1.86391e-05 2.08667e-05
-1.87846e-05 2.14e-05
-2.01494e-05 2.11403e-05
-2.1313e-05 2.13827e-05
-1.53786e-05 2.06756e-05
-1.94065e-05 2.11174e-05
-1.90058e-05 2.23568e-05
-1.68165e-05 2.04121e-05
-2.17556e-05 2.14933e-05
-1.64168e-05 2.03846e-05
-2.47317e-05 2.03693e-05
-2.5671e-05 1.69287e-05
-1.73663e-05 1.93161e-05
-1.7485e-05 1.83561e-05
-1.8064e-05 1.90198e-05
-1.79186e-05 1.93107e-05
-1.72933e-05 1.91092e-05
-1.74388e-05 1.91576e-05
-1.79786e-05 2.03379e-05
-1.6327e-05 2.03367e-05
-1.57539e-05 2.09959e-05
-1.55259e-05 2.14745e-05
-1.09851e-05 1.5326e-05
-1.05435e-05 1.50456e-05
-9.29405e-06 1.44038e-05
-8.88184e-06 1.46553e-05
-9.54827e-06 1.27627e-05
-1.00213e-05 1.52135e-05
-8.57677e-06 1.16952e-05
-7.09191e-06 1.23885e-05
-8.33667e-06 1.27022e-05
-9.18588e-06 1.40596e-05
-9.20581e-06 1.39956e-05
-9.31103e-06 1.40897e-05
-9.42079e-06 5.72182e-06
-1.48335e-05 8.25034e-06
-1.34841e-05 8.80625e-06
-6.79802e-06 1.28811e-05
-6.4868e-06 1.44282e-05
-6.43103e-06 1.68826e-05
-7.84512e-06 1.27296e-05
-8.42668e-06 1.20522e-05
-8.28348e-06 1.19905e-05
-4.25827e-06 1.05754e-05
-8.89189e-06 1.00111e-05
-1.00022e-05 1.22938e-05
-7.17659e-06 1.06013e-05
-7.8184e-06 1.00615e-05
-8.01303e-06 1.00166e-05
-7.96107e-06 9.8537e-06
-7.93076e-06 1.00204e-05
-7.99313e-06 9.78318e-06
-8.68158e-06 1.08435e-05
-1.0925e-05 6.98541e-06
-9.49133e-06 1.22254e-05
-1.03567e-05 4.24461e-06
-9.88546e-06 8.39179e-06
-5.31706e-06 6.95177e-06
-5.60501e-06 1.05948e-05
-2.29555e-06 2.00698e-06
5.66084e-06 -4.13604e-06
-1.28437e-05 8.94085e-06
-1.10139e-05 9.28705e-06
-1.00293e-05 8.03478e-06
-7.63433e-06 9.43347e-06
-1.0486e-05 9.5747e-06
-9.6857e-06 9.37447e-06
-8.49859e-06 8.74642e-06
-8.33161e-06 8.99321e-06
-8.989e-06 9.23544e-06
-1.01059e-05 8.28755e-06
-8.6029e-06 9.1867e-06
-8.89662e-06 8.28451e-06
-8.71354e-06 8.22109e-06
-9.37442e-06 8.94445e-06
-9.53786e-06 9.32952e-06
-8.92282e-06 8.7307e-06
-8.91325e-06 8.57725e-06
-8.6736e-06 8.50738e-06
-9.05637e-06 8.82892e-06
-6.1432e-06 6.3095e-06
-4.8539e-06 1.06797e-05
-1.40049e-05 8.76778e-06
-8.2819e-06 9.73567e-06
-8.71829e-06 7.08019e-06
-8.27009e-06 8.18424e-06
-7.88544e-06 8.26149e-06
-4.04228e-06 1.22748e-05
-6.01764e-06 1.11519e-05
-8.38882e-06 8.57312e-06
-6.78822e-06 9.02661e-06
-7.7988e-06 9.90499e-06
-9.75436e-06 8.40649e-06
-8.41287e-06 8.69895e-06
-1.23148e-05 7.75067e-06
-9.10734e-06 7.00331e-06
-7.57744e-06 9.5681e-06
-9.49459e-06 7.33494e-06
-1.05052e-05 5.04064e-06
-1.06169e-05 4.27702e-06
-8.74186e-06 6.8311e-06
-2.74618e-05 5.08264e-06
-1.78798e-05 1.91436e-06
-1.49885e-05 1.16711e-05
-1.17296e-05 9.50996e-06
-1.55946e-05 9.43917e-07
-1.04367e-05 8.0103e-06
-1.03496e-05 7.81257e-06
-7.55051e-06 4.72846e-06
-1.07601e-05 4.29982e-06
-1.0261e-05 8.22722e-06
-1.01929e-05 7.77176e-06
-1.05359e-05 7.99107e-06
-9.97494e-06 8.15476e-06
-1.00565e-05 7.37695e-06
-1.23306e-05 4.44142e-06
-9.65314e-06 7.62184e-06
-9.35474e-06 6.48103e-06
-1.02716e-05 7.11284e-06
-1.09279e-05 5.80479e-06
-1.19713e-05 4.99006e-06
-1.32301e-05 5.64756e-06
-1.01538e-05 8.23768e-06
-1.17828e-05 8.62198e-06
-1.01676e-05 6.11677e-06
-1.01097e-05 6.93123e-06
-1.15677e-05 7.27022e-06
-1.09601e-05 6.7792e-06
-1.24698e-05 5.43319e-06
-1.24229e-05 6.27432e-06
-1.76029e-05 5.78198e-06
-1.30449e-05 6.23048e-06
-2.26087e-05 6.92139e-06
-1.22579e-05 6.07707e-06
-1.91149e-05 4.88061e-06
-1.81043e-05 6.12751e-06
-1.63546e-05 6.77518e-06
-9.11348e-06 4.53678e-06
-1.34515e-05 5.97571e-06
-1.35609e-05 5.42314e-06
-5.69806e-06 4.22461e-06
-1.52611e-05 6.18469e-06
-1.16455e-05 5.61205e-06
-1.68407e-05 5.82957e-06
-2.43925e-05 1.53283e-06
-2.40842e-05 1.78913e-06
-2.40879e-05 1.01951e-06
-2.67425e-05 5.83544e-07
-2.57954e-05 8.21989e-07
-2.65053e-05 1.23062e-06
-2.61366e-05 1.47234e-07
-2.6811e-05 1.72708e-06
-2.65637e-05 3.83782e-07
-2.63888e-05 7.39204e-07
-2.63233e-05 4.37115e-07
-2.76566e-05 6.07294e-07
-2.83102e-05 6.30756e-07
-2.88947e-05 1.299e-07
-2.84965e-05 6.69358e-07
-3.05592e-05 -2.53948e-07
-3.05732e-05 -2.43672e-07
-3.06558e-05 -8.76967e-08
-3.02508e-05 -6.72275e-08
-3.15925e-05 -4.26661e-07
-3.11345e-05 -5.08672e-07
-3.08928e-05 -4.96141e-07
-3.1158e-05 -4.86042e-07
-3.25514e-05 -1.25441e-06
-3.14406e-05 -1.84221e-06
-3.48791e-05 -8.5211e-07
-3.4444e-05 -1.14424e-06
-3.48691e-05 -1.71469e-06
-3.46125e-05 -1.54259e-06
-3.45787e-05 -1.32531e-06
-3.51114e-05 -8.42853e-07
-3.49475e-05 -1.58964e-06
-2.95545e-05 5.49017e-07
-1.46421e-05 -3.10877e-06
4.56826e-06 -2.2032e-07
2.15322e-05 8.24376e-06
3.04328e-05 1.93253e-05
-2.95872e-05 4.57353e-07
-1.4736e-05 -3.0993e-06
4.48697e-06 -1.11606e-07
2.13903e-05 8.30724e-06
3.01573e-05 1.93919e-05
-3.57421e-05 -1.78512e-06
-3.60232e-05 -1.07835e-06
-3.61393e-05 -1.75078e-06
-3.60526e-05 -1.21757e-06
-3.60093e-05 -1.18802e-06
-4.32918e-05 3.38294e-06
-2.88591e-05 1.44504e-06
-1.06372e-05 5.66368e-06
5.19188e-06 1.46832e-05
1.30291e-05 2.53021e-05
-3.60491e-05 -1.22178e-06
-3.6412e-05 -2.0222e-06
-3.62613e-05 -1.65863e-06
-3.62655e-05 -1.7636e-06
-3.67582e-05 -2.04309e-06
-5.35416e-05 -6.63665e-06
-4.50575e-05 -2.65569e-06
-3.28602e-05 -5.15445e-07
-2.10242e-05 -7.98864e-07
-1.34054e-05 -3.50704e-06
-6.25813e-05 7.12916e-06
-5.81801e-05 1.91946e-06
-5.01446e-05 -2.51556e-06
-4.16692e-05 -4.62178e-06
-3.53771e-05 -3.67471e-06
-6.25699e-05 7.07564e-06
-5.80767e-05 1.82448e-06
-5.024e-05 -2.55503e-06
-4.16725e-05 -4.60576e-06
-3.52156e-05 -3.36077e-06
