58040.4394 0.343301901 0.144759859
58043.3739 0.390821532 0.163539645
58044.473 0.408685291 0.17047789
58044.473 0.408685291 0.17047789
58044.4999 0.409130304 0.170649741
58044.4999 0.409130304 0.170649741
58045.3971 0.423761766 0.176277327
58045.3971 0.423761766 0.176277327
58045.4084 0.423946849 0.17634879
58045.4084 0.423946849 0.17634879
58045.4197 0.424133436 0.176420746
58045.4197 0.424133437 0.176420746
58045.4311 0.424321334 0.176493115
58045.4311 0.424321334 0.176493115
58045.8607 0.431360316 0.179174995
58045.8632 0.431440741 0.179215254
58045.8635 0.431444937 0.179216834
58045.8642 0.431457331 0.179221503
58045.8649 0.431428422 0.17920129
58045.869 0.431495228 0.179227085
58045.9409 0.432666073 0.179665027
58045.9409 0.432666073 0.179665027
58045.9439 0.432714273 0.179683692
58045.9439 0.432714273 0.179683692
58046.1725 0.436454949 0.181128727
58046.1735 0.436471197 0.181134944
58046.1745 0.436487829 0.181141307
58046.1755 0.436503889 0.181147451
58047.2237 0.45369761 0.187645315
58047.2262 0.453739154 0.187661136
58047.2288 0.453780898 0.18767703
58047.3748 0.45622495 0.188596277
58047.378 0.456279532 0.188616543
58047.3813 0.456334304 0.188636874
58048.2971 0.471366368 0.194257747
58048.3012 0.471434267 0.194283229
58048.3051 0.471499694 0.194307775
58048.3714 0.472611101 0.194716587
58048.3726 0.472630649 0.194723829
58048.374 0.47265407 0.194732505
58048.4655 0.474218656 0.195256586
58048.4703 0.474297983 0.195285574
58048.4751 0.474377279 0.195314553
58049.1883 0.486142442 0.199711788
58049.1955 0.486261108 0.199754888
58049.2026 0.4863799 0.199798042
58049.3843 0.489339151 0.200898036
58049.3855 0.489359931 0.200905636
58049.3869 0.489381877 0.20091366
58050.2339 0.503398942 0.206046563
58050.2392 0.503486507 0.206078399
58050.2444 0.503573898 0.206110154
58050.2496 0.50366092 0.206141756
58051.0445 0.516908203 0.210884571
58051.0502 0.517004028 0.210918501
58051.0616 0.517194587 0.210985968
58051.1121 0.518038839 0.211284915
58051.1176 0.518130662 0.211317448
58051.1959 0.519359375 0.211820778
58051.2077 0.519557671 0.211892394
58051.2195 0.519756122 0.211963968
58051.2321 0.519954886 0.212033035
58051.2417 0.52013284 0.21209993
58051.2444 0.520177644 0.212116011
58051.2447 0.520164923 0.212109402
58051.2472 0.520224596 0.212132858
58051.2501 0.520273111 0.21215026
58051.8769 0.530701231 0.215873077
58051.8973 0.531038692 0.215995146
58051.9041 0.531150054 0.216035429
58051.979 0.53243601 0.216470446
58051.9807 0.53246398 0.21648046
58051.9824 0.53249195 0.216490474
58052.0123 0.532984198 0.216666977
58052.014 0.533012152 0.216677014
58052.0157 0.533040105 0.216687052
58052.0351 0.53335803 0.216801321
58052.0368 0.533385981 0.216811376
58052.0912 0.534258631 0.217150541
58052.0928 0.534286543 0.217160566
58052.0967 0.534351103 0.217183749
58052.0983 0.534378833 0.217193704
58052.1337 0.535046991 0.217369666
58052.1386 0.535127518 0.217397873
58052.1433 0.53520608 0.217425399
58052.185 0.535901257 0.217669299
58052.246 0.536859646 0.218077335
58052.2485 0.536902653 0.218092556
58052.2511 0.536946057 0.218107912
58052.2536 0.536989072 0.218123127
58052.287 0.537526572 0.218312984
58052.2906 0.53758725 0.21833466
58052.2942 0.537647945 0.218356333
58052.2957 0.537695128 0.218372784
58052.2994 0.537757944 0.218394941
58052.3004 0.537773601 0.218400462
58052.3091 0.53792137 0.218452543
58052.3097 0.537930961 0.218455921
58052.3128 0.537984595 0.218474811
58052.3166 0.538047237 0.218496866
58052.8209 0.546501429 0.221474961
58052.8331 0.546704838 0.221545832
58052.8453 0.546908271 0.221616741
58052.8929 0.547716079 0.221850977
58052.8958 0.547764355 0.221867727
58052.8967 0.547780445 0.221873309
58052.8996 0.547828706 0.221890056
58053.1304 0.551610426 0.223283426
58053.147 0.551888219 0.223382072
58053.1638 0.552170292 0.223482088
58053.2163 0.55305334 0.223794116
58053.2483 0.553593595 0.223984146
58053.2693 0.553934991 0.224095087
58053.2829 0.554163696 0.224175753
58053.2854 0.554226715 0.224203733
58053.2891 0.554289512 0.224225619
58053.2928 0.554352119 0.22424743
58053.3045 0.554530019 0.224304676
58053.3302 0.554964353 0.224457072
58053.3818 0.555839802 0.22476272
58053.7865 0.562608566 0.227138736
58053.8678 0.564030998 0.227563396
58053.8741 0.564137576 0.22759987
58053.875 0.56415277 0.22760507
58053.8768 0.564183348 0.227615535
58053.8856 0.564330722 0.227665982
58053.8874 0.564361274 0.227676441
58053.8893 0.564392211 0.227687033
58053.9071 0.564646767 0.227846129
58054.0456 0.566992039 0.228652333
58054.1903 0.569413117 0.229466206
58054.2015 0.569598497 0.229530738
58054.2081 0.569707748 0.229568799
58054.2192 0.569890955 0.229632671
58055.2886 0.587849964 0.235808418
58055.2973 0.587995761 0.235858835
58055.3033 0.588071343 0.235903691
58055.305 0.588123123 0.235902894
58055.3099 0.588183082 0.235942229
58055.312 0.588239741 0.235943249
58055.3167 0.588297427 0.235981642
58055.3284 0.588496176 0.236050084
58055.3351 0.588608549 0.236088746
58055.3373 0.58864576 0.236101542
58056.1692 0.602724615 0.240844908
58056.1746 0.602814001 0.240875123
58056.182 0.602887397 0.240925504
58056.1872 0.603024178 0.240946228
58056.2909 0.6047367 0.241552551
58056.2946 0.604800437 0.241574027
58066.1043 0.773286799 0.293899701
58066.1249 0.773643211 0.294000995
58066.1476 0.774035616 0.294112763
58067.1613 0.791768784 0.299096415
58067.169 0.791902894 0.299133963
58067.1754 0.792012522 0.299164677
58068.0977 0.808156472 0.303630262
58068.1047 0.808279992 0.303664538
58068.1639 0.809317388 0.303951565
58068.1686 0.809400053 0.303974361
58068.1709 0.809441806 0.303985871
58068.1733 0.809482956 0.303997211
58069.1612 0.826944938 0.308674041
58069.1748 0.827182128 0.308737731
58069.1983 0.827592902 0.30884822
58072.306 0.882711634 0.323028636
58072.3093 0.882770524 0.323043152
58072.3125 0.882829218 0.32305761
58072.3158 0.882888341 0.323072167
58073.2075 0.898809272 0.326967807
58073.2107 0.898867677 0.326982085
58073.214 0.898926308 0.326996411
58073.2172 0.898984749 0.327010683
58074.1422 0.915629824 0.330969513
58074.1825 0.916344252 0.331139864
58078.0269 0.985819361 0.346666212
58078.0325 0.985920852 0.346687159
58078.0381 0.986025507 0.346708755
58078.0439 0.986131407 0.346730606
58078.0609 0.986443599 0.346795019
58078.0661 0.986539385 0.346814782
58078.0816 0.986823796 0.346873474
58078.1395 0.987867286 0.347118811
58078.1458 0.987981167 0.347142842
58078.152 0.988095051 0.34716687
58078.1583 0.988208937 0.347190893
58078.1645 0.988322825 0.347214911
58078.2057 0.989071682 0.347372731
58078.212 0.989185587 0.347396719
58078.2182 0.989299494 0.347420703
58078.2245 0.989413403 0.347444683
58078.2308 0.989527315 0.347468658
58079.2228 1.00754513 0.351233426
58079.2461 1.00797272 0.351321061
58079.2694 1.00840116 0.351408442
58079.2927 1.00882952 0.351495381
58079.3164 1.00926625 0.351583594
58079.5303 1.01318633 0.352358561
58079.5366 1.0133007 0.352381673
58079.5429 1.01341507 0.352404781
58079.5491 1.01352944 0.352427885
58079.5554 1.01364382 0.352450984
58080.0389 1.02251645 0.354197995
58080.0706 1.02310134 0.354311188
58080.2743 1.02677082 0.355092282
58080.2883 1.02702896 0.355142975
58080.3739 1.0286163 0.355451534
58099.0647 1.37909892 0.40223181
58099.0709 1.37921859 0.402240176
58099.0772 1.37933827 0.402248536
58099.0835 1.37945794 0.402256892
58099.0897 1.37957762 0.402265242
58120.3206 1.78758531 0.400381563
58120.3269 1.7877051 0.400372085
58120.3331 1.7878249 0.400362602
58120.3394 1.7879447 0.400353114
58120.3457 1.78806449 0.400343621
58120.4531 1.78806449 0.400343621
58120.4593 1.78806449 0.400343621
58120.4656 1.78806449 0.400343622
58120.4718 1.78806449 0.400343622
58120.4781 1.78806449 0.400343622
