-3.87288e-05 7.19954e-05
4.72005e-05 6.68202e-05
6.53743e-05 6.02366e-05
6.65518e-05 5.88929e-05
6.46914e-05 5.8573e-05
6.5739e-05 6.02487e-05
7.44235e-05 5.66509e-05
7.4278e-05 5.71842e-05
7.29033e-05 5.69283e-05
7.17398e-05 5.71707e-05
7.7664e-05 5.64674e-05
7.36361e-05 5.69092e-05
7.40265e-05 5.81525e-05
7.62158e-05 5.62078e-05
7.07839e-05 5.74398e-05
7.6119e-05 5.63319e-05
6.78038e-05 5.63167e-05
6.68634e-05 5.28764e-05
7.51674e-05 5.52641e-05
7.5043e-05 5.43056e-05
7.43629e-05 5.49963e-05
7.45083e-05 5.52872e-05
7.51292e-05 5.50868e-05
7.49838e-05 5.51353e-05
7.40911e-05 5.64012e-05
7.57412e-05 5.64003e-05
7.63126e-05 5.70599e-05
7.6539e-05 5.75389e-05
7.90263e-05 5.17852e-05
7.94623e-05 5.15058e-05
8.0706e-05 5.08649e-05
8.07893e-05 5.11696e-05
8.01154e-05 4.92782e-05
7.96349e-05 5.17302e-05
7.89118e-05 4.85166e-05
8.03865e-05 4.92111e-05
7.9132e-05 4.9526e-05
7.81219e-05 5.09042e-05
7.80991e-05 5.08406e-05
7.79904e-05 5.09351e-05
7.76573e-05 4.2598e-05
7.22327e-05 4.5128e-05
7.35701e-05 4.56853e-05
7.84725e-05 4.99493e-05
7.87655e-05 5.14982e-05
7.88031e-05 5.39544e-05
7.69312e-05 4.98469e-05
7.63465e-05 4.91697e-05
7.64864e-05 4.91084e-05
7.83796e-05 4.78685e-05
7.37327e-05 4.73051e-05
7.26092e-05 4.95887e-05
7.54216e-05 4.78972e-05
7.28031e-05 4.74853e-05
7.25942e-05 4.74412e-05
7.26177e-05 4.72799e-05
7.25218e-05 4.74533e-05
7.24457e-05 4.72168e-05
7.15647e-05 4.82822e-05
6.92919e-05 4.44256e-05
7.06961e-05 4.96671e-05
6.97995e-05 4.16874e-05
7.02467e-05 4.58362e-05
7.48085e-05 4.43965e-05
7.45199e-05 4.80392e-05
7.7823e-05 3.9452e-05
8.57723e-05 3.33094e-05
6.57403e-05 4.64494e-05
6.75203e-05 4.67974e-05
6.84884e-05 4.55457e-05
7.07029e-05 4.69517e-05
6.78471e-05 4.7093e-05
6.86432e-05 4.68929e-05
6.97574e-05 4.62673e-05
6.99202e-05 4.65143e-05
6.92586e-05 4.67566e-05
6.80947e-05 4.58103e-05
6.95935e-05 4.67096e-05
6.91746e-05 4.58103e-05
6.93537e-05 4.57471e-05
6.86835e-05 4.64707e-05
6.8516e-05 4.68559e-05
6.90425e-05 4.62651e-05
6.90404e-05 4.6112e-05
6.92686e-05 4.60425e-05
6.87845e-05 4.6367e-05
7.15528e-05 4.38469e-05
7.28359e-05 4.82173e-05
6.36787e-05 4.63055e-05
6.93956e-05 4.72736e-05
6.88788e-05 4.46204e-05
6.93182e-05 4.57247e-05
6.96942e-05 4.58021e-05
7.35336e-05 4.98156e-05
7.15492e-05 4.8693e-05
6.91758e-05 4.61142e-05
7.07554e-05 4.65683e-05
6.97434e-05 4.74467e-05
6.77802e-05 4.59484e-05
6.91128e-05 4.62411e-05
6.40209e-05 4.53165e-05
6.71995e-05 4.45696e-05
6.87006e-05 4.71349e-05
6.66704e-05 4.49099e-05
6.5653e-05 4.26157e-05
6.5539e-05 4.18521e-05
6.74072e-05 4.44063e-05
4.81497e-05 4.26588e-05
5.76926e-05 3.94909e-05
6.05444e-05 4.92481e-05
6.36802e-05 4.70881e-05
5.97403e-05 3.85227e-05
6.48543e-05 4.55902e-05
6.49096e-05 4.53928e-05
6.76992e-05 4.23081e-05
6.44809e-05 4.18796e-05
6.49714e-05 4.5807e-05
6.50155e-05 4.53524e-05
6.46124e-05 4.55722e-05
6.50526e-05 4.57367e-05
6.40469e-05 4.49574e-05
6.15858e-05 4.20281e-05
6.42488e-05 4.52085e-05
6.45451e-05 4.40677e-05
6.3624e-05 4.46995e-05
6.29476e-05 4.33913e-05
6.19e-05 4.25766e-05
6.06371e-05 4.32341e-05
6.36735e-05 4.58174e-05
6.17284e-05 4.62e-05
6.30204e-05 4.3693e-05
6.30528e-05 4.45073e-05
6.15798e-05 4.48461e-05
6.21622e-05 4.43549e-05
5.82897e-05 4.29621e-05
5.83173e-05 4.38027e-05
5.31241e-05 4.33101e-05
5.76785e-05 4.37584e-05
4.81038e-05 4.44491e-05
5.84502e-05 4.36045e-05
5.15829e-05 4.24079e-05
5.25677e-05 4.3654e-05
5.43029e-05 4.43012e-05
6.15393e-05 4.20627e-05
5.54242e-05 4.34355e-05
5.53033e-05 4.28825e-05
6.31506e-05 4.16832e-05
5.35762e-05 4.36429e-05
5.69707e-05 4.30605e-05
5.17675e-05 4.32777e-05
2.57365e-05 3.6931e-05
2.60086e-05 3.71813e-05
2.59652e-05 3.6405e-05
2.15644e-05 3.56615e-05
2.24981e-05 3.58976e-05
2.17772e-05 3.63043e-05
2.05745e-05 3.49283e-05
1.9888e-05 3.65059e-05
2.00338e-05 3.51435e-05
2.02006e-05 3.54974e-05
2.0262e-05 3.51945e-05
1.89247e-05 3.5364e-05
1.66013e-05 3.50605e-05
1.59937e-05 3.45551e-05
1.63518e-05 3.50866e-05
9.11847e-06 3.30532e-05
9.09912e-06 3.30623e-05
9.01107e-06 3.3217e-05
9.41059e-06 3.32363e-05
6.60684e-06 3.25367e-05
7.05944e-06 3.24535e-05
7.29576e-06 3.24647e-05
7.02518e-06 3.24736e-05
4.12027e-06 3.13423e-05
5.16493e-06 3.07386e-05
-4.46571e-06 3.013e-05
-4.03948e-06 2.98355e-05
-4.47378e-06 2.92626e-05
-4.2265e-06 2.94321e-05
-4.22002e-06 2.9642e-05
-4.76111e-06 3.01222e-05
-4.62216e-06 2.93687e-05
6.8308e-07 3.14819e-05
1.55854e-05 2.78214e-05
3.47858e-05 3.07071e-05
5.17398e-05 3.91685e-05
6.06304e-05 5.02472e-05
5.44875e-07 3.13614e-05
1.5386e-05 2.7802e-05
3.45991e-05 3.07869e-05
5.14924e-05 3.9203e-05
6.02495e-05 5.0285e-05
-7.22882e-06 2.8668e-05
-7.54727e-06 2.93644e-05
-7.70067e-06 2.86816e-05
-7.65111e-06 2.92044e-05
-7.64572e-06 2.92234e-05
-1.52637e-05 3.37011e-05
-8.40847e-07 3.17604e-05
1.73712e-05 3.59762e-05
3.31903e-05 4.4993e-05
4.10176e-05 5.5609e-05
-8.82678e-06 2.8867e-05
-9.24011e-06 2.80522e-05
-9.41035e-06 2.83212e-05
-9.43669e-06 2.82098e-05
-1.00655e-05 2.78913e-05
-5.50445e-05 1.36832e-05
-4.65695e-05 1.76606e-05
-3.43814e-05 1.97973e-05
-2.25546e-05 1.95103e-05
-1.49449e-05 1.67986e-05
-9.36018e-05 1.46271e-05
-8.92088e-05 9.41355e-06
-8.11814e-05 4.97464e-06
-7.27141e-05 2.86453e-06
-6.64302e-05 3.80771e-06
-9.37623e-05 1.44913e-05
-8.92772e-05 9.23625e-06
-8.14485e-05 4.85285e-06
-7.28892e-05 2.79823e-06
-6.64404e-05 4.03933e-06
