0.000773412
0.0010748
0.00120095
0.00120095
0.00120459
0.00120459
0.00132712
0.00132712
0.00132867
0.00132867
0.00133023
0.00133023
0.0013318
0.0013318
0.00161108
0.00139557
0.0013956
0.00139571
0.00161166
0.00161222
0.00140733
0.00140733
0.00140774
0.00140774
0.00144325
0.00144339
0.00144353
0.00144366
0.00182217
0.00182252
0.00182288
0.00190194
0.0019024
0.00190285
0.00179672
0.00179731
0.00179787
0.00445458
0.00445471
0.00445487
0.00182653
0.00182721
0.0018279
0.00195554
0.00195657
0.0019576
0.00457156
0.00457171
0.00457186
0.00219249
0.00219323
0.00219397
0.00219471
0.00235384
0.00235465
0.00235626
0.00236341
0.00236419
0.00243529
0.00243695
0.00243861
0.00233421
0.00233583
0.00233621
0.002336
0.00233661
0.00233702
0.0024576
0.00246049
0.00246145
0.0024786
0.00247884
0.00247908
0.00248332
0.00248356
0.00248381
0.00248655
0.00248679
0.00249778
0.00249801
0.00249856
0.00249879
0.00250798
0.00250867
0.00250933
0.00251524
0.00252753
0.00252789
0.00252826
0.00252862
0.0025354
0.00253591
0.00253642
0.00258983
0.00259035
0.00259048
0.00259171
0.00259179
0.00259224
0.00259276
0.00263942
0.00264114
0.00264285
0.00270637
0.00270678
0.00270691
0.00270731
0.00270465
0.00270698
0.00270935
0.00271672
0.00272122
0.00503177
0.0050334
0.00272893
0.00272945
0.00272997
0.00503601
0.0050391
0.00504532
0.00284115
0.00284289
0.00284377
0.0028439
0.00284416
0.00284608
0.00284634
0.00284659
0.00285801
0.00287739
0.00453704
0.00453842
0.00453924
0.0045406
0.00467295
0.00467404
0.00312836
0.00467499
0.00312928
0.00467586
0.00313022
0.00313185
0.00313277
0.00313308
0.00478249
0.00478316
0.0042304
0.00478473
0.00424437
0.00424485
0.00603671
0.00603932
0.00604221
0.00617095
0.00617193
0.00617273
0.00577168
0.0057726
0.00578025
0.00578086
0.00578117
0.00578147
0.0064249
0.00642662
0.00642961
0.00739093
0.00739134
0.00739175
0.00739215
0.00750353
0.00750394
0.00750435
0.00750475
0.00705634
0.00706143
0.00807609
0.00807678
0.00807749
0.00807821
0.00808032
0.00808097
0.00808291
0.0120421
0.0120429
0.0120436
0.0120444
0.0120452
0.0120502
0.012051
0.0120517
0.0120525
0.0120533
0.0082532
0.0082561
0.00825899
0.00826188
0.00826482
0.0122125
0.0122133
0.0122141
0.0122148
0.0122156
0.00832639
0.00833033
0.00838385
0.00838558
0.00839622
0.0145732
0.0145739
0.0145747
0.0145754
0.0145762
0.0170757
0.0170764
0.0170772
0.0170779
0.0170786
0.0170911
0.0170918
0.0170926
0.0170933
0.017094
