58040.43935 147735753.3 73061931.52 20863827.56
58040.63935 148506584.7 73126329.37 21162074.9
58040.83935 149278752.4 73191401.66 21460499.74
58041.03935 150052245.8 73257137.17 21759103.14
58041.23935 150827054.2 73323526.07 22057885.75
58041.43935 151603166.7 73390559.25 22356848.02
58041.63935 152380572.6 73458228.04 22655990.24
58041.83935 153159260.9 73526524.05 22955312.65
58042.03935 153939221.1 73595439.13 23254815.42
58042.23935 154720442.5 73664965.33 23554498.68
58042.43935 155502914.5 73735094.84 23854362.49
58042.63935 156286626.8 73805820 24154406.9
58042.83935 157071568.9 73877133.31 24454631.93
58043.03935 157857730.7 73949027.36 24755037.55
58043.23935 158645101.8 74021494.88 25055623.71
58043.43935 159433672.4 74094528.73 25356390.34
58043.63935 160223432.3 74168121.85 25657337.34
58043.83935 161014371.7 74242267.32 25958464.58
58044.03935 161806480.7 74316958.31 26259771.92
58044.23935 162599749.7 74392188.11 26561259.17
58044.43935 163394169 74467950.09 26862926.15
58044.63935 164189729.1 74544237.74 27164772.65
58044.83935 164986420.6 74621044.64 27466798.43
58045.03935 165784234.1 74698364.47 27769003.23
58045.23935 166583160.3 74776191.01 28071386.78
58045.43935 167383190 74854518.11 28373948.8
58045.63935 168184314.3 74933339.74 28676688.98
58045.83935 168986523.9 75012649.94 28979607
58046.03935 169789810.1 75092442.85 29282702.5
58046.23935 170594163.9 75172712.69 29585975.15
58046.43935 171399576.7 75253453.76 29889424.58
58046.63935 172206039.8 75334660.47 30193050.39
58046.83935 173013544.5 75416327.28 30496852.18
58047.03935 173822082.4 75498448.75 30800829.57
58047.23935 174631645.1 75581019.52 31104982.1
58047.43935 175442224.2 75664034.29 31409309.36
58047.63935 176253811.4 75747487.87 31713810.9
58047.83935 177066398.6 75831375.11 32018486.25
58048.03935 177879977.7 75915690.95 32323334.96
58048.23935 178694540.7 76000430.42 32628356.53
58048.43935 179510079.6 76085588.61 32933550.49
58048.63935 180326586.5 76171160.66 33238916.33
58048.83935 181144053.6 76257141.81 33544453.54
58049.03935 181962473.3 76343527.35 33850161.62
58049.23935 182781837.9 76430312.66 34156040.04
58049.43935 183602139.8 76517493.15 34462088.26
58049.63935 184423371.6 76605064.34 34768305.74
58049.83935 185245525.8 76693021.78 35074691.95
58050.03935 186068595.1 76781361.09 35381246.32
58050.23935 186892572.2 76870077.97 35687968.3
58050.43935 187717449.9 76959168.15 35994857.32
58050.63935 188543221.1 77048627.47 36301912.8
58050.83935 189369878.7 77138451.77 36609134.18
58051.03935 190197415.7 77228636.99 36916520.86
58051.23935 191025825.2 77319179.11 37224072.27
58051.43935 191855100.3 77410074.18 37531787.8
58051.63935 192685234.3 77501318.29 37839666.86
58051.83935 193516220.4 77592907.59 38147708.85
58052.03935 194348052 77684838.29 38455913.16
58052.23935 195180722.5 77777106.65 38764279.19
58052.43935 196014225.3 77869708.98 39072806.32
58052.63935 196848554 77962641.64 39381493.94
58052.83935 197683702.2 78055901.04 39690341.42
58053.03935 198519663.5 78149483.65 39999348.15
58053.23935 199356431.8 78243385.98 40308513.5
58053.43935 200194000.6 78337604.58 40617836.85
58053.63935 201032364 78432136.08 40927317.56
58053.83935 201871515.8 78526977.11 41236955.01
58054.03935 202711450 78622124.38 41546748.55
58054.23935 203552160.6 78717574.64 41856697.57
58054.43935 204393641.6 78813324.66 42166801.41
58054.63935 205235887.3 78909371.3 42477059.45
58054.83935 206078891.9 79005711.42 42787471.04
58055.03935 206922649.5 79102341.93 43098035.55
58055.23935 207767154.5 79199259.81 43408752.33
58055.43935 208612401.3 79296462.06 43719620.75
58055.63935 209458384.2 79393945.7 44030640.15
58055.83935 210305097.8 79491707.83 44341809.91
58056.03935 211152536.6 79589745.57 44653129.37
58056.23935 212000695.1 79688056.07 44964597.89
58056.43935 212849568.1 79786636.54 45276214.83
58056.63935 213699150.1 79885484.2 45587979.54
58056.83935 214549436 79984596.33 45899891.39
58057.03935 215400420.5 80083970.23 46211949.73
58057.23935 216252098.4 80183603.25 46524153.91
58057.43935 217104464.6 80283492.76 46836503.3
58057.63935 217957514.2 80383636.19 47148997.25
58057.83935 218811241.9 80484030.96 47461635.13
58058.03935 219665643 80584674.58 47774416.29
58058.23935 220520712.5 80685564.53 48087340.09
58058.43935 221376445.4 80786698.38 48400405.89
58058.63935 222232837.1 80888073.7 48713613.06
58058.83935 223089882.6 80989688.1 49026960.96
58059.03935 223947577.3 81091539.21 49340448.96
58059.23935 224805916.5 81193624.71 49654076.41
58059.43935 225664895.6 81295942.3 49967842.7
58059.63935 226524509.8 81398489.7 50281747.18
58059.83935 227384754.8 81501264.68 50595789.22
58060.03935 228245625.9 81604265.02 50909968.21
58060.23935 229107118.7 81707488.54 51224283.5
58060.43935 229969228.8 81810933.08 51538734.48
58060.63935 230831951.8 81914596.51 51853320.53
58060.83935 231695283.4 82018476.73 52168041.01
58061.03935 232559219.1 82122571.66 52482895.31
58061.23935 233423754.9 82226879.26 52797882.8
58061.43935 234288886.4 82331397.49 53113002.89
58061.63935 235154609.5 82436124.37 53428254.94
58061.83935 236020920.1 82541057.92 53743638.34
58062.03935 236887813.9 82646196.18 54059152.5
58062.23935 237755287 82751537.24 54374796.78
58062.43935 238623335.4 82857079.19 54690570.6
58062.63935 239491955 82962820.16 55006473.34
58062.83935 240361141.8 83068758.29 55322504.4
58063.03935 241230892.1 83174891.75 55638663.18
58063.23935 242101201.8 83281218.73 55954949.08
58063.43935 242972067.2 83387737.45 56271361.51
58063.63935 243843484.4 83494446.14 56587899.88
58063.83935 244715449.7 83601343.05 56904563.58
58064.03935 245587959.3 83708426.47 57221352.04
58064.23935 246461009.5 83815694.7 57538264.66
58064.43935 247334596.6 83923146.04 57855300.86
58064.63935 248208717 84030778.85 58172460.06
58064.83935 249083367.2 84138591.49 58489741.68
58065.03935 249958543.5 84246582.32 58807145.14
58065.23935 250834242.3 84354749.76 59124669.86
58065.43935 251710460.3 84463092.22 59442315.28
58065.63935 252587193.8 84571608.13 59760080.82
58065.83935 253464439.5 84680295.95 60077965.92
58066.03935 254342194 84789154.16 60395970.01
58066.23935 255220453.8 84898181.25 60714092.53
58066.43935 256099215.7 85007375.72 61032332.91
58066.63935 256978476.2 85116736.11 61350690.61
58066.83935 257858232.2 85226260.96 61669165.06
58067.03935 258738480.3 85335948.82 61987755.72
58067.23935 259619217.3 85445798.29 62306462.03
58067.43935 260500440 85555807.95 62625283.44
58067.63935 261382145.2 85665976.41 62944219.42
58067.83935 262264329.9 85776302.3 63263269.41
58068.03935 263146990.8 85886784.27 63582432.89
58068.23935 264030124.9 85997420.97 63901709.3
58068.43935 264913729.1 86108211.08 64221098.13
58068.63935 265797800.3 86219153.29 64540598.83
58068.83935 266682335.7 86330246.29 64860210.88
58069.03935 267567332.1 86441488.82 65179933.75
58069.23935 268452786.7 86552879.61 65499766.91
58069.43935 269338696.4 86664417.39 65819709.85
58069.63935 270225058.4 86776100.95 66139762.05
58069.83935 271111869.9 86887929.04 66459922.99
58070.03935 271999127.9 86999900.47 66780192.15
58070.23935 272886829.6 87112014.03 67100569.03
58070.43935 273774972.3 87224268.55 67421053.12
58070.63935 274663553.1 87336662.85 67741643.91
58070.83935 275552569.3 87449195.77 68062340.89
58071.03935 276442018.1 87561866.18 68383143.58
58071.23935 277331896.9 87674672.94 68704051.46
58071.43935 278222202.9 87787614.94 69025064.05
58071.63935 279112933.5 87900691.07 69346180.85
58071.83935 280004086.1 88013900.23 69667401.37
58072.03935 280895658 88127241.34 69988725.13
58072.23935 281787646.6 88240713.33 70310151.63
58072.43935 282680049.4 88354315.15 70631680.4
58072.63935 283572863.8 88468045.74 70953310.96
58072.83935 284466087.3 88581904.08 71275042.83
58073.03935 285359717.4 88695889.14 71596875.53
58073.23935 286253751.5 88809999.9 71918808.59
58073.43935 287148187.3 88924235.36 72240841.54
58073.63935 288043022.3 89038594.53 72562973.92
58073.83935 288938254 89153076.44 72885205.26
58074.03935 289833880.1 89267680.11 73207535.1
58074.23935 290729898.1 89382404.57 73529962.97
58074.43935 291626305.8 89497248.89 73852488.43
58074.63935 292523100.7 89612212.13 74175111.02
58074.83935 293420280.5 89727293.34 74497830.27
58075.03935 294317843 89842491.62 74820645.76
58075.23935 295215785.8 89957806.05 75143557.02
58075.43935 296114106.7 90073235.73 75466563.61
58075.63935 297012803.4 90188779.78 75789665.1
58075.83935 297911873.7 90304437.3 76112861.03
58076.03935 298811315.4 90420207.43 76436150.98
58076.23935 299711126.3 90536089.31 76759534.5
58076.43935 300611304.1 90652082.08 77083011.18
58076.63935 301511846.9 90768184.9 77406580.56
58076.83935 302412752.4 90884396.92 77730242.24
58077.03935 303314018.4 91000717.32 78053995.77
58077.23935 304215643 91117145.29 78377840.75
58077.43935 305117623.9 91233680 78701776.74
58077.63935 306019959.2 91350320.66 79025803.33
58077.83935 306922646.8 91467066.48 79349920.11
58078.03935 307825684.6 91583916.66 79674126.65
58078.23935 308729070.6 91700870.43 79998422.56
58078.43935 309632802.8 91817927.01 80322807.41
58078.63935 310536879.2 91935085.65 80647280.81
58078.83935 311441297.9 92052345.59 80971842.34
58079.03935 312346056.9 92169706.08 81296491.61
58079.23935 313251154.3 92287166.38 81621228.22
58079.43935 314156588 92404725.77 81946051.77
58079.63935 315062356.3 92522383.5 82270961.85
58079.83935 315968457.2 92640138.87 82595958.09
58080.03935 316874888.8 92757991.17 82921040.09
58080.23935 317781649.3 92875939.69 83246207.46
58080.43935 318688736.8 92993983.73 83571459.81
58080.63935 319596149.4 93112122.61 83896796.75
58080.83935 320503885.5 93230355.64 84222217.92
58081.03935 321411943 93348682.14 84547722.92
58081.23935 322320320.4 93467101.45 84873311.38
58081.43935 323229015.7 93585612.9 85198982.93
58081.63935 324138027.2 93704215.83 85524737.18
58081.83935 325047353.2 93822909.6 85850573.77
58082.03935 325956991.9 93941693.56 86176492.33
58082.23935 326866941.6 94060567.07 86502492.49
58082.43935 327777200.6 94179529.5 86828573.88
58082.63935 328687767.1 94298580.22 87154736.15
58082.83935 329598639.5 94417718.62 87480978.93
58083.03935 330509816.2 94536944.09 87807301.86
58083.23935 331421295.4 94656256 88133704.59
58083.43935 332333075.6 94775653.77 88460186.75
58083.63935 333245155 94895136.79 88786748.01
58083.83935 334157532.1 95014704.48 89113388
58084.03935 335070205.2 95134356.24 89440106.38
58084.23935 335983172.8 95254091.51 89766902.79
58084.43935 336896433.2 95373909.7 90093776.91
58084.63935 337809984.9 95493810.24 90420728.37
58084.83935 338723826.4 95613792.58 90747756.85
58085.03935 339637956 95733856.16 91074862
58085.23935 340552372.2 95854000.42 91402043.48
58085.43935 341467073.6 95974224.81 91729300.96
58085.63935 342382058.6 96094528.79 92056634.1
58085.83935 343297325.7 96214911.83 92384042.59
58086.03935 344212873.3 96335373.39 92711526.07
58086.23935 345128700.1 96455912.95 93039084.23
58086.43935 346044804.5 96576529.97 93366716.74
58086.63935 346961185.1 96697223.95 93694423.28
58086.83935 347877840.5 96817994.36 94022203.52
58087.03935 348794769.1 96938840.71 94350057.15
58087.23935 349711969.6 97059762.48 94677983.84
58087.43935 350629440.6 97180759.18 95005983.27
58087.63935 351547180.6 97301830.31 95334055.14
58087.83935 352465188.2 97422975.38 95662199.13
58088.03935 353383462.1 97544193.91 95990414.93
58088.23935 354302000.9 97665485.41 96318702.23
58088.43935 355220803.2 97786849.4 96647060.71
58088.63935 356139867.7 97908285.42 96975490.08
58088.83935 357059193 98029793 97303990.03
58089.03935 357978777.7 98151371.66 97632560.25
58089.23935 358898620.6 98273020.95 97961200.45
58089.43935 359818720.4 98394740.41 98289910.33
58089.63935 360739075.6 98516529.59 98618689.58
58089.83935 361659685.1 98638388.04 98947537.91
58090.03935 362580547.5 98760315.32 99276455.03
58090.23935 363501661.5 98882310.98 99605440.65
58090.43935 364423026 99004374.6 99934494.47
58090.63935 365344639.5 99126505.72 100263616.2
58090.83935 366266500.9 99248703.94 100592805.6
58091.03935 367188609 99370968.82 100922062.3
58091.23935 368110962.4 99493299.93 101251386
58091.43935 369033559.9 99615696.87 101580776.5
58091.63935 369956400.4 99738159.21 101910233.5
58091.83935 370879482.7 99860686.55 102239756.8
58092.03935 371802805.4 99983278.47 102569345.9
58092.23935 372726367.5 100105934.6 102899000.7
58092.43935 373650167.7 100228654.5 103228720.9
58092.63935 374574204.9 100351437.8 103558506.2
58092.83935 375498477.9 100474284 103888356.3
58093.03935 376422985.5 100597192.9 104218271
58093.23935 377347726.6 100720164 104548250
58093.43935 378272700.1 100843196.9 104878293
58093.63935 379197904.7 100966291.3 105208399.7
58093.83935 380123339.5 101089446.7 105538570
58094.03935 381049003.2 101212662.9 105868803.5
58094.23935 381974894.7 101335939.4 106199099.9
58094.43935 382901013 101459275.8 106529459.1
58094.63935 383827356.9 101582671.8 106859880.7
58094.83935 384753925.3 101706127.1 107190364.5
58095.03935 385680717.2 101829641.2 107520910.2
58095.23935 386607731.5 101953213.9 107851517.6
58095.43935 387534967.2 102076844.7 108182186.5
58095.63935 388462423 102200533.3 108512916.5
58095.83935 389390098.1 102324279.4 108843707.4
58096.03935 390317991.4 102448082.6 109174559
58096.23935 391246101.7 102571942.6 109505471.1
58096.43935 392174428.1 102695859.1 109836443.3
58096.63935 393102969.6 102819831.6 110167475.4
58096.83935 394031725.1 102943860 110498567.3
58097.03935 394960693.7 103067943.7 110829718.6
58097.23935 395889874.2 103192082.6 111160929.1
58097.43935 396819265.8 103316276.3 111492198.5
58097.63935 397748867.4 103440524.4 111823526.7
58097.83935 398678678 103564826.7 112154913.4
58098.03935 399608696.7 103689182.8 112486358.3
58098.23935 400538922.4 103813592.5 112817861.2
58098.43935 401469354.3 103938055.3 113149422
58098.63935 402399991.3 104062571 113481040.3
58098.83935 403330832.6 104187139.3 113812715.9
58099.03935 404261877 104311759.9 114144448.6
58099.23935 405193123.8 104436432.4 114476238.1
58099.43935 406124572 104561156.7 114808084.3
58099.63935 407056220.6 104685932.3 115139986.9
58099.83935 407988068.7 104810758.9 115471945.7
58100.03935 408920115.4 104935636.4 115803960.4
58100.23935 409852359.8 105060564.4 116136030.9
58100.43935 410784801 105185542.5 116468156.9
58100.63935 411717438 105310570.6 116800338.2
58100.83935 412650270.1 105435648.4 117132574.6
58101.03935 413583296.2 105560775.4 117464865.8
58101.23935 414516515.5 105685951.6 117797211.7
58101.43935 415449927.2 105811176.5 118129612
58101.63935 416383530.4 105936450 118462066.5
58101.83935 417317324.1 106061771.7 118794575
58102.03935 418251307.6 106187141.3 119127137.2
58102.23935 419185479.9 106312558.7 119459753.1
58102.43935 420119840.3 106438023.5 119792422.3
58102.63935 421054387.8 106563535.5 120125144.7
58102.83935 421989121.7 106689094.4 120457920
58103.03935 422924041.1 106814699.9 120790748.1
58103.23935 423859145.1 106940351.8 121123628.7
58103.43935 424794433 107066049.9 121456561.6
58103.63935 425729904 107191793.8 121789546.7
58103.83935 426665557.1 107317583.3 122122583.6
58104.03935 427601391.6 107443418.2 122455672.3
58104.23935 428537406.8 107569298.2 122788812.6
58104.43935 429473601.7 107695223 123122004.1
58104.63935 430409975.7 107821192.5 123455246.8
58104.83935 431346527.9 107947206.3 123788540.3
58105.03935 432283257.5 108073264.3 124121884.6
58105.23935 433220163.7 108199366.2 124455279.5
58105.43935 434157245.8 108325511.7 124788724.7
58105.63935 435094503.1 108451700.6 125122220
58105.83935 436031934.6 108577932.7 125455765.3
58106.03935 436969539.7 108704207.7 125789360.3
58106.23935 437907317.7 108830525.5 126123004.9
58106.43935 438845267.7 108956885.7 126456698.9
58106.63935 439783389 109083288.1 126790442.1
58106.83935 440721680.9 109209732.6 127124234.3
58107.03935 441660142.6 109336218.9 127458075.3
58107.23935 442598773.5 109462746.7 127791965
58107.43935 443537572.6 109589315.9 128125903
58107.63935 444476539.5 109715926.2 128459889.4
58107.83935 445415673.2 109842577.4 128793923.8
58108.03935 446354973.1 109969269.3 129128006.1
58108.23935 447294438.6 110096001.6 129462136.2
58108.43935 448234068.7 110222774.2 129796313.7
58108.63935 449173863 110349586.8 130130538.7
58108.83935 450113820.6 110476439.3 130464810.8
58109.03935 451053940.9 110603331.4 130799129.9
58109.23935 451994223.2 110730262.8 131133495.8
58109.43935 452934666.7 110857233.5 131467908.4
58109.63935 453875270.9 110984243.1 131802367.4
58109.83935 454816035 111111291.6 132136872.7
58110.03935 455756958.3 111238378.6 132471424.2
58110.23935 456698040.1 111365504 132806021.6
58110.43935 457639279.9 111492667.5 133140664.8
58110.63935 458580676.9 111619869.1 133475353.6
58110.83935 459522230.5 111747108.4 133810087.8
58111.03935 460463939.9 111874385.2 134144867.3
58111.23935 461405804.6 112001699.5 134479691.9
58111.43935 462347823.9 112129050.9 134814561.5
58111.63935 463289997.2 112256439.4 135149475.8
58111.83935 464232323.8 112383864.6 135484434.7
58112.03935 465174803 112511326.5 135819438
58112.23935 466117434.3 112638824.7 136154485.6
58112.43935 467060216.9 112766359.2 136489577.3
58112.63935 468003150.4 112893929.8 136824712.9
58112.83935 468946233.9 113021536.2 137159892.4
58113.03935 469889467 113149178.2 137495115.4
58113.23935 470832848.9 113276855.8 137830381.9
58113.43935 471776379.2 113404568.6 138165691.7
58113.63935 472720057.1 113532316.6 138501044.6
58113.83935 473663882 113660099.6 138836440.5
58114.03935 474607853.4 113787917.2 139171879.2
58114.23935 475551970.6 113915769.5 139507360.6
58114.43935 476496233 114043656.2 139842884.5
58114.63935 477440640.1 114171577.1 140178450.8
58114.83935 478385191.3 114299532.1 140514059.2
58115.03935 479329885.9 114427520.9 140849709.7
58115.23935 480274723.3 114555543.5 141185402
58115.43935 481219703.1 114683599.6 141521136.1
58115.63935 482164824.5 114811689 141856911.8
58115.83935 483110087 114939811.7 142192728.9
58116.03935 484055490.1 115067967.4 142528587.3
58116.23935 485001033.2 115196155.9 142864486.9
58116.43935 485946715.6 115324377.2 143200427.4
58116.63935 486892536.9 115452630.9 143536408.7
58116.83935 487838496.4 115580917 143872430.7
58117.03935 488784593.7 115709235.4 144208493.2
58117.23935 489730828.1 115837585.7 144544596.2
58117.43935 490677199 115965968 144880739.3
58117.63935 491623706 116094381.9 145216922.6
58117.83935 492570348.5 116222827.4 145553145.8
58118.03935 493517125.9 116351304.3 145889408.8
58118.23935 494464037.8 116479812.4 146225711.5
58118.43935 495411083.4 116608351.6 146562053.7
58118.63935 496358262.3 116736921.7 146898435.3
58118.83935 497305574.1 116865522.6 147234856.1
58119.03935 498253018 116994154.1 147571316
58119.23935 499200593.6 117122816.1 147907814.8
58119.43935 500148300.5 117251508.3 148244352.5
58119.63935 501096137.9 117380230.7 148580928.8
58119.83935 502044105.5 117508983.1 148917543.6
58120.03935 502992202.6 117637765.3 149254196.8
58120.23935 503940428.8 117766577.2 149590888.3
58120.43935 504888996.7 117895467.4 149927681.3
58120.63935 505837564.7 118024357.5 150264474.3
