-1693946.56 0.475299379 -0.0654774671
-1693943.63 0.475299379 -0.0654774671
-1693942.53 0.475299379 -0.0654774671
-1693942.53 0.475299379 -0.0654774671
-1693942.5 0.475299379 -0.0654774671
-1693942.5 0.475299379 -0.0654774671
-1693941.6 0.475299379 -0.0654774671
-1693941.6 0.475299379 -0.0654774671
-1693941.59 0.475299379 -0.0654774671
-1693941.59 0.475299379 -0.0654774671
-1693941.58 0.475299379 -0.0654774671
-1693941.58 0.475299379 -0.0654774671
-1693941.57 0.475299379 -0.0654774671
-1693941.57 0.475299379 -0.0654774671
-1693941.14 0.475299379 -0.0654774671
-1693941.14 0.475299379 -0.0654774671
-1693941.14 0.475299379 -0.0654774671
-1693941.14 0.475299379 -0.0654774671
-1693941.14 0.475299379 -0.0654774671
-1693941.13 0.475299379 -0.0654774671
-1693941.06 0.475299379 -0.0654774671
-1693941.06 0.475299379 -0.0654774671
-1693941.06 0.475299379 -0.0654774671
-1693941.06 0.475299379 -0.0654774671
-1693940.83 0.475299379 -0.0654774671
-1693940.83 0.475299379 -0.0654774671
-1693940.83 0.475299379 -0.0654774671
-1693940.82 0.475299379 -0.0654774671
-1693939.78 0.475299379 -0.0654774671
-1693939.77 0.475299379 -0.0654774671
-1693939.77 0.475299379 -0.0654774671
-1693939.63 0.475299379 -0.0654774671
-1693939.62 0.475299379 -0.0654774671
-1693939.62 0.475299379 -0.0654774671
-1693938.7 0.475299379 -0.0654774671
-1693938.7 0.475299379 -0.0654774671
-1693938.69 0.475299379 -0.0654774671
-1693938.63 0.475299379 -0.0654774671
-1693938.63 0.475299379 -0.0654774671
-1693938.63 0.475299379 -0.0654774671
-1693938.53 0.475299379 -0.0654774671
-1693938.53 0.475299379 -0.0654774671
-1693938.52 0.475299379 -0.0654774671
-1693937.81 0.475299379 -0.0654774671
-1693937.8 0.475299379 -0.0654774671
-1693937.8 0.475299379 -0.0654774671
-1693937.62 0.475299379 -0.0654774671
-1693937.61 0.475299379 -0.0654774671
-1693937.61 0.475299379 -0.0654774671
-1693936.77 0.475299379 -0.0654774671
-1693936.76 0.475299379 -0.0654774671
-1693936.76 0.475299379 -0.0654774671
-1693936.75 0.475299379 -0.0654774671
-1693935.96 0.475299379 -0.0654774671
-1693935.95 0.475299379 -0.0654774671
-1693935.94 0.475299379 -0.0654774671
-1693935.89 0.475299379 -0.0654774671
-1693935.88 0.475299379 -0.0654774671
-1693935.8 0.475299379 -0.0654774671
-1693935.79 0.475299379 -0.0654774671
-1693935.78 0.475299379 -0.0654774671
-1693935.77 0.475299379 -0.0654774671
-1693935.76 0.475299379 -0.0654774671
-1693935.76 0.475299379 -0.0654774671
-1693935.76 0.475299379 -0.0654774671
-1693935.75 0.475299379 -0.0654774671
-1693935.75 0.475299379 -0.0654774671
-1693935.12 0.475299379 -0.0654774671
-1693935.1 0.475299379 -0.0654774671
-1693935.1 0.475299379 -0.0654774671
-1693935.02 0.475299379 -0.0654774671
-1693935.02 0.475299379 -0.0654774671
-1693935.02 0.475299379 -0.0654774671
-1693934.99 0.475299379 -0.0654774671
-1693934.99 0.475299379 -0.0654774671
-1693934.98 0.475299379 -0.0654774671
-1693934.96 0.475299379 -0.0654774671
-1693934.96 0.475299379 -0.0654774671
-1693934.91 0.475299379 -0.0654774671
-1693934.91 0.475299379 -0.0654774671
-1693934.9 0.475299379 -0.0654774671
-1693934.9 0.475299379 -0.0654774671
-1693934.87 0.475299379 -0.0654774671
-1693934.86 0.475299379 -0.0654774671
-1693934.86 0.475299379 -0.0654774671
-1693934.81 0.475299379 -0.0654774671
-1693934.75 0.475299379 -0.0654774671
-1693934.75 0.475299379 -0.0654774671
-1693934.75 0.475299379 -0.0654774671
-1693934.75 0.475299379 -0.0654774671
-1693934.71 0.475299379 -0.0654774671
-1693934.71 0.475299379 -0.0654774671
-1693934.71 0.475299379 -0.0654774671
-1693934.7 0.475299379 -0.0654774671
-1693934.7 0.475299379 -0.0654774671
-1693934.7 0.475299379 -0.0654774671
-1693934.69 0.475299379 -0.0654774671
-1693934.69 0.475299379 -0.0654774671
-1693934.69 0.475299379 -0.0654774671
-1693934.68 0.475299379 -0.0654774671
-1693934.18 0.475299379 -0.0654774671
-1693934.17 0.475299379 -0.0654774671
-1693934.15 0.475299379 -0.0654774671
-1693934.11 0.475299379 -0.0654774671
-1693934.1 0.475299379 -0.0654774671
-1693934.1 0.475299379 -0.0654774671
-1693934.1 0.475299379 -0.0654774671
-1693933.87 0.475299379 -0.0654774671
-1693933.85 0.475299379 -0.0654774671
-1693933.84 0.475299379 -0.0654774671
-1693933.78 0.475299379 -0.0654774671
-1693933.75 0.475299379 -0.0654774671
-1693933.73 0.475299379 -0.0654774671
-1693933.72 0.475299379 -0.0654774671
-1693933.71 0.475299379 -0.0654774671
-1693933.71 0.475299379 -0.0654774671
-1693933.71 0.475299379 -0.0654774671
-1693933.7 0.475299379 -0.0654774671
-1693933.67 0.475299379 -0.0654774671
-1693933.62 0.475299379 -0.0654774671
-1693933.21 0.475299379 -0.0654774671
-1693933.13 0.475299379 -0.0654774671
-1693933.13 0.475299379 -0.0654774671
-1693933.12 0.475299379 -0.0654774671
-1693933.12 0.475299379 -0.0654774671
-1693933.11 0.475299379 -0.0654774671
-1693933.11 0.475299379 -0.0654774671
-1693933.11 0.475299379 -0.0654774671
-1693933.09 0.475299379 -0.0654774671
-1693932.95 0.475299379 -0.0654774671
-1693932.81 0.475299379 -0.0654774671
-1693932.8 0.475299379 -0.0654774671
-1693932.79 0.475299379 -0.0654774671
-1693932.78 0.475299379 -0.0654774671
-1693931.71 0.475299379 -0.0654774671
-1693931.7 0.475299379 -0.0654774671
-1693931.7 0.475299379 -0.0654774671
-1693931.7 0.475299379 -0.0654774671
-1693931.69 0.475299379 -0.0654774671
-1693931.69 0.475299379 -0.0654774671
-1693931.68 0.475299379 -0.0654774671
-1693931.67 0.475299379 -0.0654774671
-1693931.66 0.475299379 -0.0654774671
-1693931.66 0.475299379 -0.0654774671
-1693930.83 0.475299379 -0.0654774671
-1693930.83 0.475299379 -0.0654774671
-1693930.82 0.475299379 -0.0654774671
-1693930.81 0.475299379 -0.0654774671
-1693930.71 0.475299379 -0.0654774671
-1693930.71 0.475299379 -0.0654774671
-1693920.9 0.475299379 -0.0654774671
-1693920.88 0.475299379 -0.0654774671
-1693920.85 0.475299379 -0.0654774671
-1693919.84 0.475299379 -0.0654774671
-1693919.83 0.475299379 -0.0654774671
-1693919.82 0.475299379 -0.0654774671
-1693918.9 0.475299379 -0.0654774671
-1693918.9 0.475299379 -0.0654774671
-1693918.84 0.475299379 -0.0654774671
-1693918.83 0.475299379 -0.0654774671
-1693918.83 0.475299379 -0.0654774671
-1693918.83 0.475299379 -0.0654774671
-1693917.84 0.475299379 -0.0654774671
-1693917.83 0.475299379 -0.0654774671
-1693917.8 0.475299379 -0.0654774671
-1693914.69 0.475299379 -0.0654774671
-1693914.69 0.475299379 -0.0654774671
-1693914.69 0.475299379 -0.0654774671
-1693914.68 0.475299379 -0.0654774671
-1693913.79 0.475299379 -0.0654774671
-1693913.79 0.475299379 -0.0654774671
-1693913.79 0.475299379 -0.0654774671
-1693913.78 0.475299379 -0.0654774671
-1693912.86 0.475299379 -0.0654774671
-1693912.82 0.475299379 -0.0654774671
-1693908.97 0.475299379 -0.0654774671
-1693908.97 0.475299379 -0.0654774671
-1693908.96 0.475299379 -0.0654774671
-1693908.96 0.475299379 -0.0654774671
-1693908.94 0.475299379 -0.0654774671
-1693908.93 0.475299379 -0.0654774671
-1693908.92 0.475299379 -0.0654774671
-1693908.86 0.475299379 -0.0654774671
-1693908.85 0.475299379 -0.0654774671
-1693908.85 0.475299379 -0.0654774671
-1693908.84 0.475299379 -0.0654774671
-1693908.84 0.475299379 -0.0654774671
-1693908.79 0.475299379 -0.0654774671
-1693908.79 0.475299379 -0.0654774671
-1693908.78 0.475299379 -0.0654774671
-1693908.78 0.475299379 -0.0654774671
-1693908.77 0.475299379 -0.0654774671
-1693907.78 0.475299379 -0.0654774671
-1693907.75 0.475299379 -0.0654774671
-1693907.73 0.475299379 -0.0654774671
-1693907.71 0.475299379 -0.0654774671
-1693907.68 0.475299379 -0.0654774671
-1693907.47 0.475299379 -0.0654774671
-1693907.46 0.475299379 -0.0654774671
-1693907.46 0.475299379 -0.0654774671
-1693907.45 0.475299379 -0.0654774671
-1693907.44 0.475299379 -0.0654774671
-1693906.96 0.475299379 -0.0654774671
-1693906.93 0.475299379 -0.0654774671
-1693906.73 0.475299379 -0.0654774671
-1693906.71 0.475299379 -0.0654774671
-1693906.63 0.475299379 -0.0654774671
-1693887.94 0.475299379 -0.0654774671
-1693887.93 0.475299379 -0.0654774671
-1693887.92 0.475299379 -0.0654774671
-1693887.92 0.475299379 -0.0654774671
-1693887.91 0.475299379 -0.0654774671
-1693501.68 0.475299379 -0.0654774671
-1693501.67 0.475299379 -0.0654774671
-1693501.67 0.475299379 -0.0654774671
-1693501.66 0.475299379 -0.0654774671
-1693501.65 0.475299379 -0.0654774671
-1693501.55 0.475299379 -0.0654774671
-1693501.54 0.475299379 -0.0654774671
-1693501.53 0.475299379 -0.0654774671
-1693501.53 0.475299379 -0.0654774671
-1693501.52 0.475299379 -0.0654774671
